10869 4
130 51
3845 7
29351 1
2420 25
814 54
544 1
22565 1
2041 21
1183 46
20865 1
230 54
11083 4
189 56
1659 20
11032 1
539 41
20896 1
2029 38
2341 1
11235 4
1946 2
18902 1
9703 8
7725 5
1506 29
671 3
15152 1
2203 13
6954 16
1561 51
9104 5
6943 9
9701 6
8664 1
2869 13
679 68
4935 2
1891 50
1708 35
28751 1
3677 1
7221 6
1733 17
35 23
24113 1
3022 23
1966 54
7737 2
24364 1
3362 16
13977 2
20802 1
11262 1
298 21
15799 2
7513 11
7668 12
139 134
2404 37
11472 1
15310 1
1178 77
13559 3
4801 12
2131 1
10480 1
5252 18
29014 1
882 23
1839 29
9535 2
2290 38
862 4
25250 1
6518 1
353 32
26169 1
4770 8
939 45
562 33
1568 55
23159 1
1335 1
4838 22
7744 11
5541 2
581 4
1443 21
10365 5
1223 23
6869 5
8694 1
2350 1
16998 1
3257 24
570 57
756 72
20710 1
7924 5
1503 41
4203 1
484 89
3205 2
4986 19
204 84
1889 57
1006 49
787 75
15375 2
986 52
1773 43
13657 5
6488 6
74 70
211 107
1036 63
2651 18
5129 2
25597 1
13860 1
764 71
14360 5
25085 1
5817 5
2617 19
3380 5
456 61
16548 1
12292 7
4591 21
25783 1
15531 1
5104 21
1960 31
7202 1
680 92
13898 1
8893 1
1179 67
3061 17
8928 4
3316 3
688 48
7165 2
1870 46
27171 1
8139 4
7489 1
1825 1
593 49
3793 1
1522 32
230 10
14455 1
1907 37
1944 56
2153 4
9051 3
4806 4
8983 8
4068 8
4984 1
1503 59
27457 1
7807 12
17602 1
2843 20
3342 1
2827 14
21383 1
21002 1
99 94
5491 1
12563 6
2143 36
10078 3
23406 1
4707 1
11956 7
12216 4
3007 1
531 72
1549 42
9986 1
25063 1
463 1
520 1
2705 1
3158 32
2330 29
1641 55
1261 9
260 92
1121 22
8788 1
7312 4
951 15
12056 1
15022 1
2803 40
2122 22
3117 29
11327 2
23079 1
8203 8
4335 3
16888 3
3030 14
2042 64
2131 21
16725 1
2642 24
5856 2
11847 1
261 66
3948 20
111 42
10852 8
11877 3
8304 2
198 88
8017 5
1320 30
1412 74
2646 38
13578 3
241 78
1966 48
4318 12
54 25
22138 1
27740 1
4487 21
974 84
22730 1
27453 1
15098 1
6448 1
1928 63
13234 1
13903 1
1257 63
767 84
11126 1
1037 68
12236 1
276 1
17104 1
4079 5
4737 7
18534 1
1821 31
22396 1
16010 1
586 73
2568 11
13903 1
249 35
732 41
10405 1
20683 1
1233 71
891 55
9903 6
9154 1
4790 21
4768 13
12985 1
6932 10
264 39
20553 2
11584 1
924 70
1625 61
29066 1
8962 10
866 43
1690 11
1972 33
6359 3
25392 1
2140 20
13471 1
244 11
571 94
4224 6
27262 1
3555 24
1016 15
25974 1
5619 15
15392 1
3938 20
9120 4
1770 70
4532 1
21682 1
8306 13
799 87
6111 14
12556 1
2105 5
2823 1
2240 42
2191 46
2040 1
93 39
11826 1
1381 13
2189 41
1096 52
1681 29
27886 1
3713 3
8822 11
1058 22
822 26
1382 65
1154 39
8530 10
1345 40
3955 20
944 63
14263 1
9782 9
17490 1
5675 5
5822 8
1391 27
14794 2
1535 69
432 3
728 71
553 93
13205 3
302 54
9404 2
11799 1
799 12
11295 8
4414 22
2369 1
2131 41
1432 57
500 59
1133 63
3135 20
23345 1
10199 4
2007 17
6587 1
904 52
48 2
2252 7
2453 49
21167 1
11602 5
4400 12
4494 15
406 83
348 66
4327 1
17338 1
21256 1
20326 1
6319 18
10150 1
1811 59
3485 1
15335 1
2800 25
351 43
1257 10
829 51
12138 1
16822 1
1703 1
2777 33
1382 76
1862 15
8184 7
2658 7
7189 1
5711 3
649 83
3435 1
16841 1
25755 1
4646 3
1955 29
566 69
4426 1
7257 6
4372 9
1912 57
132 123
105 101
1713 10
4430 4
7943 12
8211 12
6405 17
2516 46
168 93
7628 1
24268 1
967 33
3740 25
1171 26
673 5
842 82
4182 6
515 15
2017 51
1657 2
2624 30
2405 1
17464 1
4339 22
1454 23
6175 9
217 43
1134 45
6550 1
8819 1
4172 11
538 61
809 18
2617 22
5329 11
12129 3
29337 1
6977 7
3733 28
21415 1
547 21
1031 40
718 39
6235 18
29394 1
24781 1
432 1
4551 2
2248 12
140 135
199 1
2138 1
2497 28
1866 58
16695 1
1010 40
18807 1
13589 5
734 45
3869 22
7023 3
18957 2
4044 25
3212 13
4765 6
22457 1
3030 35
2670 1
7622 9
2130 16
19883 2
5973 6
23138 1
8379 5
13412 2
1092 52
24167 1
12070 5
758 54
2253 27
180 107
5002 1
1997 21
164 52
3262 2
5047 10
1238 35
2881 1
22490 1
19798 1
17549 1
1321 47
26970 1
14336 1
3053 11
4958 23
2090 32
15691 1
26655 1
3865 15
5622 17
19398 2
1613 43
6571 12
26993 1
3181 27
24087 1
1042 1
2777 41
14206 1
11515 6
1796 27
811 70
14922 4
783 76
29146 1
1536 32
1242 1
22498 1
3459 12
12124 1
1236 8
4205 9
951 1
23674 1
1378 77
2286 21
1683 16
1362 24
994 1
7103 1
16008 1
6566 2
1260 36
15809 4
3537 27
727 19
1944 22
1874 14
3398 26
15360 1
2149 25
107 37
3658 10
4976 1
204 1
25701 1
3129 24
2563 45
23968 1
1321 70
7665 4
26582 1
2559 34
802 55
7316 9
508 80
2250 46
5727 1
8753 1
497 23
271 18
1404 68
1262 74
1988 13
347 62
1751 21
4732 15
741 3
10771 1
2612 16
351 44
133 19
1387 45
1606 34
1045 1
1182 69
389 37
11532 1
495 92
352 5
7599 12
9511 3
24284 1
1602 1
9380 3
925 1
7725 3
15628 4
9562 1
16903 1
5203 19
3695 30
428 58
3575 30
3330 1
4410 21
822 76
3981 19
2224 23
25085 1
12668 1
1317 44
9977 5
1945 16
1863 32
1370 29
2017 33
7581 14
9071 1
24042 1
2880 28
1401 69
6522 14
20399 2
1942 35
13874 5
934 12
1674 25
28818 1
27428 1
3654 10
11069 4
468 88
13251 1
873 27
10648 1
22825 1
2107 40
16073 1
25014 1
7397 3
5611 8
27157 1
18853 1
12844 2
7853 13
7824 8
9148 1
2424 18
359 89
1529 38
4668 1
307 56
12870 1
8660 5
2062 54
9552 5
26154 1
9809 1
535 9
232 54
918 67
12214 2
196 9
1784 36
1739 6
10374 1
2032 28
22066 1
9822 1
13044 1
1201 65
7378 8
4543 22
1400 74
1432 19
4113 5
3415 3
935 9
1371 34
1531 37
4934 1
4710 1
187 35
2550 39
8258 1
2560 37
4406 14
5983 1
25319 1
8800 6
6228 18
5845 16
21218 1
21236 1
3348 10
18053 2
12568 1
28937 1
2389 47
7696 10
6303 10
8041 8
1759 40
1907 65
992 42
25836 1
1725 2
1600 39
378 16
21696 1
2908 1
530 61
3689 1
2447 4
13068 3
1689 66
2670 42
6025 5
6656 15
10667 2
5898 6
21574 1
56 27
3883 10
2955 21
21929 1
14777 1
761 38
324 66
3495 11
29254 1
2624 1
2192 22
3032 19
9766 1
2466 40
2793 1
4927 16
26943 1
21391 1
29192 1
18460 1
452 32
18516 2
20744 1
1928 1
5217 5
708 60
1652 42
24023 1
1871 10
7424 4
788 28
850 46
10970 1
2723 33
7241 3
623 8
19254 2
2057 18
8699 4
2207 16
12541 6
4413 12
820 68
14669 1
2678 3
14615 1
3392 1
304 94
1824 9
2132 26
4665 19
192 50
5695 1
5400 14
21457 1
29338 1
933 20
8157 9
19729 2
10692 4
2768 9
3857 26
4909 15
15966 1
423 25
10103 3
13324 1
979 27
1211 80
564 2
19451 1
325 35
930 88
2785 26
11357 1
18781 1
988 48
924 77
20692 1
11032 8
1428 28
3574 1
820 52
487 93
617 89
13751 1
1223 16
648 92
8917 3
8486 10
20493 1
7254 13
2629 40
1905 56
1988 38
615 84
169 99
2887 7
6823 13
2317 33
6232 1
281 103
1232 61
12955 6
155 9
12514 6
1416 74
5319 2
960 17
14307 5
27364 1
16099 1
2450 31
12132 2
1371 70
2609 37
313 87
7700 1
5386 15
6785 1
3169 12
12904 2
1564 11
316 50
2762 5
13358 1
13975 1
18663 1
3508 1
8262 8
154 1
7260 11
68 30
4266 15
8931 4
2601 1
6077 16
724 70
799 20
968 76
3937 28
78 3
13130 1
2057 48
360 81
7926 7
3436 4
1893 7
1351 19
5801 7
10662 1
13410 4
19197 2
14995 1
857 27
242 4
731 4
19988 1
452 6
1648 72
4242 11
12181 1
23567 1
13610 1
2372 1
3316 26
223 24
2039 1
19012 2
28736 1
2423 33
243 61
7293 13
108 1
5552 1
1063 75
5245 15
5421 19
579 31
249 75
709 54
1196 28
1278 52
16754 3
2519 32
8298 8
1050 30
2357 37
3480 15
23585 1
14400 1
4819 17
8509 2
1130 26
11177 4
10676 5
11341 5
62 51
26066 1
7610 10
6931 13
1219 23
702 82
6359 7
3092 4
5681 17
10468 3
2206 51
2759 1
2964 14
4490 17
1359 57
2191 1
27881 1
540 26
3944 11
7250 1
2819 31
12522 4
632 77
846 76
10219 3
20409 1
22038 1
14795 1
29265 1
2587 11
10839 1
3527 28
14243 1
13184 1
7126 1
13786 1
390 5
13747 3
2811 27
2793 1
2828 20
3564 2
3368 1
4472 8
1821 24
8020 6
8490 1
4661 18
10934 6
21908 1
1110 4
1642 4
19819 2
15784 1
23549 1
16536 1
14080 3
3836 11
8226 1
5005 12
1407 51
108 78
10798 5
18220 1
14085 1
3203 1
15545 2
962 81
8421 9
14486 1
7077 1
15100 1
1101 69
13498 1
1184 43
6518 1
15778 3
2591 1
2455 33
539 95
3735 3
242 38
925 2
2325 42
24884 1
8536 6
11600 1
8216 2
2605 5
2368 33
8567 1
14778 4
8532 5
1353 71
4217 1
7411 5
10208 7
984 68
865 32
10384 4
541 10
206 14
7949 4
1504 29
3459 1
1379 75
1680 31
1176 38
14832 1
2580 10
27664 1
522 74
17947 1
773 27
10354 6
3142 19
9605 1
4301 13
8544 8
27213 1
1584 2
14444 1
2225 44
26081 1
6791 1
2835 32
5674 2
1127 5
20797 1
2705 5
23788 1
18172 1
7728 12
600 65
4124 11
670 78
7844 9
10566 1
8539 7
3659 4
247 37
22412 1
912 84
735 82
1606 58
1166 16
5520 1
1257 66
280 60
5330 5
11005 6
29023 1
2272 7
542 82
1476 5
520 5
1895 53
369 67
1113 13
2667 36
1698 39
2307 56
19436 2
20847 1
1656 34
10680 1
5172 19
4884 7
2735 1
707 78
14725 4
5270 1
5917 8
3194 28
6520 1
5219 1
2846 1
836 88
543 12
9284 7
132 23
1730 59
1693 17
1444 43
17052 3
27921 1
12537 2
4382 2
989 40
99 48
18931 1
12183 5
7302 2
7563 1
597 46
16534 1
1730 40
8646 12
5871 1
29227 1
138 21
8720 6
1598 70
380 16
771 2
15376 1
4098 27
1976 63
6198 2
6866 16
345 78
5102 13
4132 24
4567 16
12974 1
8523 6
1050 57
23286 1
4745 1
3747 20
7021 5
22335 1
441 74
1387 76
288 40
695 1
1234 52
1389 28
1076 19
955 63
119 23
651 82
1631 8
1249 79
2763 35
3609 27
4208 1
14155 5
24616 1
6920 1
174 60
3701 4
10277 5
2023 10
405 62
381 20
1984 5
21061 1
6826 1
2370 19
2528 6
2244 5
4385 1
779 9
19902 1
1874 53
3295 17
1273 4
1477 57
2073 39
4974 4
1729 29
646 1
18729 1
2854 13
314 43
16968 1
3840 7
4433 26
7438 1
1364 7
20995 1
16798 1
495 39
4418 6
1734 18
14612 2
20834 1
25192 1
1747 48
4587 15
7042 1
9535 1
6760 16
7233 6
840 18
817 28
5008 20
228 1
8879 10
785 38
1312 19
3432 1
1042 47
882 61
9406 8
453 23
507 49
29332 1
4283 13
13471 1
5865 10
4379 25
20261 1
13553 1
624 56
1700 6
15878 2
6848 5
301 23
9377 1
1556 16
1099 1
5956 13
15888 2
1105 1
1313 78
15570 1
324 10
1193 23
3513 1
9692 1
24604 1
2924 35
10847 3
1208 69
1534 73
798 84
2583 5
2435 40
830 27
524 64
12167 3
16574 1
5735 8
23733 1
5372 21
909 61
3925 13
18063 1
2297 5
781 46
424 7
6651 4
671 92
716 30
8559 1
9 1
28224 1
6997 1
12225 1
1893 38
9167 10
904 52
797 45
953 61
17992 1
1769 44
3323 24
6309 9
1589 3
1466 8
14129 1
5441 7
967 54
869 52
262 75
8857 6
899 38
8942 1
8618 7
2071 32
6163 12
201 43
2158 20
932 32
987 61
18221 1
414 50
18270 1
1301 50
10964 1
15345 1
14133 4
3914 29
15732 2
231 33
18280 1
719 77
25326 1
2302 57
20945 1
8657 5
5744 4
418 30
3903 11
608 37
2624 38
13747 1
1228 68
7104 1
1675 37
2130 33
1377 55
15825 1
1252 72
2700 11
17450 1
5223 9
4374 6
9178 1
216 34
20398 1
8764 6
20718 1
6268 6
6266 18
2972 1
8754 1
176 37
2705 21
4453 24
2332 18
1861 51
8536 1
7655 1
14795 4
17054 1
17268 2
562 1
5424 11
2805 9
1366 1
6222 5
353 16
12597 1
1610 69
6107 4
19273 2
19968 2
4822 3
11572 2
931 63
733 16
3155 10
28558 1
21390 1
1026 7
2867 1
33 11
389 10
20816 1
15400 1
1723 1
1077 70
23176 1
25506 1
771 24
1369 1
663 37
811 16
5068 6
647 40
60 57
9441 5
7188 1
1823 43
144 49
3883 24
10041 4
803 29
2824 28
3086 26
11500 5
8011 5
4986 10
16343 2
9017 2
1319 71
2329 24
1847 27
9978 9
28498 1
520 76
3891 21
15371 4
2583 28
2200 23
11668 4
74 9
815 27
4624 18
338 1
15570 2
24721 1
6836 4
3787 25
4229 8
27350 1
7013 1
11158 1
15841 1
305 77
765 1
5182 3
5802 9
92 57
28467 1
10438 1
1591 71
18724 2
577 55
4984 1
274 8
3089 29
11434 1
3520 28
5076 1
2632 24
9100 1
8362 9
2305 2
3661 20
8500 7
1520 60
4309 14
27780 1
2480 28
1102 29
23615 1
1337 71
1654 3
11148 1
4503 22
1773 61
25497 1
5757 13
4265 12
15053 3
9841 10
11615 3
323 99
4947 2
29221 1
526 77
11122 6
1874 14
1551 62
137 96
3106 5
13086 3
22151 1
25502 1
775 33
615 62
1391 11
28167 1
3013 5
629 34
23833 1
907 27
13996 1
7532 14
28445 1
28212 1
9399 1
5147 6
292 72
6324 9
2068 1
537 41
1307 39
2547 7
12404 1
1149 3
616 52
18802 1
12910 2
26355 1
14255 2
2280 34
27442 1
2041 44
3501 3
184 77
2276 19
8408 1
1218 41
6199 1
1867 33
11006 1
663 76
2074 1
7057 7
179 1
636 64
4954 7
194 113
15322 4
16147 1
2061 8
4942 8
589 19
2688 15
28998 1
3721 19
1621 1
2075 47
225 37
12392 4
335 82
4715 24
17052 1
1319 64
18146 1
12560 1
1604 11
3626 2
4625 14
14475 1
2946 16
7028 9
27482 1
1838 59
138 59
183 72
194 107
1980 28
10665 5
4312 19
2625 21
2389 39
6947 4
2416 14
8364 6
13963 3
9253 8
2105 33
24992 1
1458 15
8563 11
1226 69
13985 2
1474 4
20324 1
1505 29
17771 1
4838 13
3868 27
971 29
4944 1
4030 2
27184 1
70 46
19986 1
9738 9
1652 17
14134 1
7682 5
282 79
884 5
8786 7
22129 1
5593 19
6735 1
1170 70
1616 48
9077 7
87 80
846 1
2762 1
3244 20
5174 17
5830 1
233 1
21418 1
2161 32
4521 6
495 1
18489 1
2510 43
550 1
5503 18
4606 14
1908 47
10287 1
11270 3
3833 22
1316 58
850 89
5113 7
395 77
1738 65
10345 1
10922 1
13537 1
2026 63
9648 4
566 94
28568 1
2716 21
870 1
5392 1
4738 2
5901 13
6550 1
11549 4
7451 1
2422 16
9472 1
5515 2
4382 25
3427 22
1590 38
1160 57
10039 6
209 75
3096 7
2790 23
18879 1
15465 3
636 75
2718 18
2276 36
74 4
18699 1
21220 1
153 84
2858 19
1000 17
12218 5
7534 3
7158 3
6314 1
2133 17
27283 1
3666 3
2786 1
21641 1
10462 1
14363 3
533 90
2371 48
4147 1
8463 4
23795 1
17695 2
387 38
28228 1
561 36
897 54
613 25
4498 15
18438 2
2967 36
15209 1
28868 1
5631 5
2840 24
3641 14
12484 4
1264 77
4221 12
11235 5
421 31
1212 18
18208 2
1885 29
187 75
1248 8
17889 2
9778 2
2414 52
28350 1
936 3
118 51
17977 1
5169 20
22376 1
27467 1
12247 1
2119 43
11425 1
15263 1
10375 2
15753 2
5522 21
15621 1
642 86
15008 3
4662 13
2045 36
29057 1
795 47
971 68
2167 33
14079 4
228 19
3310 28
6411 1
3766 26
2801 19
177 114
27620 1
15249 1
11823 3
20168 2
9056 2
3318 3
3731 15
18577 1
1982 6
15550 1
3251 21
801 27
2040 11
2990 10
3050 2
10195 2
3581 16
750 79
4838 16
263 54
9016 6
402 26
2382 43
650 70
5550 6
1744 40
16472 1
4953 1
671 26
478 21
3799 1
644 71
10895 6
1436 36
1459 55
5203 3
15082 1
95 35
2252 52
560 3
1913 27
4769 24
7865 5
6752 15
1621 68
13130 5
8227 1
191 74
904 59
1687 29
2201 46
10213 1
12151 5
4174 2
4427 7
5685 11
914 1
15771 1
15500 4
1335 14
397 7
283 4
2849 16
506 28
1664 66
6005 8
334 36
6197 1
1849 38
762 78
15515 1
10209 1
6511 4
25838 1
15596 2
16521 3
4173 4
1245 58
1456 35
25324 1
2817 12
2671 37
7856 10
305 83
49 33
3191 26
4250 21
1680 20
3323 17
4702 10
1935 31
1079 43
797 59
4498 1
67 9
1598 40
20544 1
26672 1
1966 30
12388 1
5963 1
20640 1
439 32
592 85
11039 1
5365 16
1349 68
9812 1
4410 1
1155 22
16033 3
675 76
28237 1
23943 1
1660 57
569 46
1908 52
11202 8
10849 8
5608 15
1431 29
7366 15
4700 17
7975 2
137 91
1013 24
178 107
10754 3
12779 5
161 1
204 24
2090 61
8280 1
12442 1
5016 16
1380 71
1045 32
10243 3
17498 1
3140 20
11361 1
1563 67
1641 31
27800 1
25620 1
2663 1
6101 8
16823 1
20119 2
52 33
71 35
24205 1
28940 1
1136 1
3659 1
506 28
4794 16
4029 5
2696 10
3237 31
5870 1
7818 12
22037 1
2170 2
3062 19
12240 5
18906 1
11495 5
118 11
1952 57
7834 14
7675 1
12097 5
4589 19
2043 4
763 26
1825 4
516 45
2122 7
2133 44
28738 1
7676 11
1864 41
10280 3
3929 8
15002 3
25170 1
2569 26
9224 5
18504 1
7678 3
18211 1
19151 1
4232 23
5717 1
6970 9
26615 1
1974 9
2683 3
7802 8
12645 1
15287 1
7233 3
18674 2
536 41
7035 6
10549 1
2938 29
403 25
24054 1
3039 18
2117 61
354 60
4895 8
336 4
6055 3
938 4
7326 6
4201 20
3564 2
5054 21
289 84
5122 4
684 41
9132 1
21287 1
3993 21
165 57
2278 8
15947 1
1307 77
2153 43
916 83
900 65
8683 1
5992 2
11679 7
1211 43
2748 2
8614 9
4976 22
2068 29
7664 3
339 47
1637 68
2001 9
18673 1
1401 63
4083 17
7869 14
10919 1
882 44
5694 16
440 92
727 74
1256 64
19938 1
13272 2
5530 2
693 64
7470 7
14869 1
865 26
3015 9
10482 1
3762 8
20438 1
24850 1
1154 33
901 67
633 24
362 97
3980 27
225 86
17554 2
3266 1
1008 24
7021 15
85 29
1066 8
1406 32
2442 4
855 2
6130 1
146 18
2100 41
1022 49
25560 1
389 28
7737 8
167 51
14090 1
10004 5
7316 1
4012 1
16101 1
3552 20
939 19
400 37
2222 58
6574 7
1752 24
84 18
1742 26
14160 1
499 49
1221 16
2796 12
23219 1
9922 9
7653 1
3170 1
7153 11
23950 1
12127 4
6887 16
1418 30
1739 30
19244 1
1259 2
14758 1
8253 1
6269 10
3830 10
1919 46
15030 4
5449 1
10869 5
4883 1
998 1
12175 6
95 86
227 1
1924 52
864 78
6915 12
751 45
29001 1
25052 1
5421 4
4462 8
1609 26
19036 1
179 116
3598 1
20906 1
9404 1
534 20
5402 21
12076 5
255 69
4631 1
174 1
13259 6
207 37
4368 16
1336 2
469 61
9433 1
11719 1
1276 77
10509 2
9696 1
1414 46
3816 22
13373 1
142 14
26929 1
10274 2
2220 2
7407 12
11963 4
322 2
5461 1
6934 14
2601 1
1607 42
4354 11
1970 28
14871 2
4275 12
7107 7
5941 17
627 1
10620 8
27665 1
8125 10
1896 46
20990 1
20232 1
31 26
21096 1
20348 1
2993 19
16750 3
17204 1
4683 22
18976 1
7308 6
23053 1
1721 52
2213 29
6870 5
208 1
2370 30
4604 22
24852 1
4707 8
1449 35
6751 6
3692 13
7116 4
14415 1
16843 2
13518 3
2484 4
14978 1
482 67
2570 30
18188 1
10769 1
3053 13
7449 14
934 59
1957 1
3805 24
183 92
2204 30
1515 1
1130 1
4804 15
3525 17
1619 4
3119 18
12946 2
3491 1
3133 14
8317 12
733 21
6600 17
6798 8
3956 19
12130 1
4145 23
2327 39
3252 18
17756 3
8232 8
244 57
1673 43
216 36
11184 2
8406 9
27568 1
2741 33
1553 28
10473 4
10480 1
5092 2
2046 56
1841 3
17256 2
16009 1
1552 61
235 30
9878 2
4562 9
4403 17
2031 1
2468 20
1566 17
291 1
5263 20
7356 10
5803 16
5811 4
514 44
7947 4
1035 60
2484 41
6721 12
4107 27
555 29
2784 26
717 75
1702 1
428 14
1426 22
11013 6
4655 21
5657 12
161 123
4005 2
351 102
11476 1
16882 1
11679 7
178 53
1573 63
4804 1
2559 14
19331 1
8409 1
515 30
520 90
15800 1
154 13
1417 16
18435 1
3471 24
14152 2
7733 9
1279 52
2326 1
16422 1
163 70
13624 2
3132 28
1575 55
27477 1
10810 1
4021 20
8438 1
6919 1
9394 8
5189 1
27543 1
9030 1
1541 21
1716 41
5711 1
1209 34
9166 1
935 7
3876 1
1697 8
20586 1
2113 43
6858 16
1394 24
6360 15
4132 23
1570 35
144 85
237 23
360 15
1794 43
88 7
5736 18
94 89
1528 42
5733 18
2347 9
5317 5
728 60
159 23
11686 1
14434 1
19454 1
3126 14
26856 1
21701 1
3530 24
6758 6
2317 48
827 22
9815 9
25512 1
9647 7
851 55
11309 1
13801 1
11329 2
1525 20
13438 1
4297 18
11098 8
22933 1
3056 7
1983 46
13254 1
5605 18
6154 2
28601 1
1071 27
28187 1
3514 21
3663 17
387 43
5710 2
128 1
22310 1
1252 12
1483 19
16106 1
771 88
8045 6
1128 39
3316 1
1343 53
353 1
500 71
1143 15
8753 1
8128 1
21899 1
9225 2
2681 37
958 2
1393 66
4959 22
2763 36
6552 1
172 1
481 8
1396 43
5091 2
4827 21
14672 1
281 91
1029 15
4550 8
6406 2
6664 16
562 3
8721 4
2796 17
899 85
3569 26
8330 6
7329 3
5782 1
2435 34
8140 10
6497 1
155 16
2608 7
4029 14
7839 14
1955 48
1391 23
9243 10
15734 1
8118 9
1970 3
13352 1
3130 28
3754 20
2576 20
15531 1
2499 2
15725 3
971 16
7659 1
2458 5
1972 3
4285 26
1523 20
530 37
10594 2
19791 2
5593 1
13702 1
16739 1
3489 16
1899 39
9596 1
29024 1
2588 22
5446 11
127 15
4578 21
5304 17
9738 1
21962 1
5054 22
488 82
1138 54
139 48
2672 1
11251 3
10342 1
1027 2
298 100
20173 1
15048 4
1588 63
12973 1
23430 1
939 3
10641 2
29276 1
2162 56
1797 69
1837 14
552 1
12129 6
829 72
1242 26
2189 28
3883 23
1944 66
3337 24
1673 50
2286 1
12146 5
2123 10
4008 19
10614 1
3150 19
683 46
116 4
355 56
1889 7
4389 11
3702 1
805 13
9208 7
2661 39
155 4
134 80
2598 2
456 94
29328 1
1450 9
6074 1
624 59
541 1
1539 41
961 3
10516 3
4026 19
1496 41
1583 69
1793 1
1969 27
9726 1
738 26
8617 1
11477 7
7347 1
6211 17
29228 1
14031 1
19138 2
738 66
33 9
5269 1
1521 26
19320 1
966 30
2755 23
1499 44
959 70
16894 1
3411 25
12204 3
3742 21
5254 19
6439 2
17218 1
26082 1
4244 3
1865 42
15401 1
3867 17
1406 72
10523 1
6882 4
3849 19
20467 2
296 68
3852 5
268 5
5169 4
2627 34
3187 13
10236 7
933 13
12313 1
5105 1
8699 9
6306 15
25147 1
4828 23
8944 11
1813 43
2111 43
1125 29
101 7
3574 1
303 41
24347 1
11190 1
917 56
1786 67
2594 40
2276 28
6300 1
875 25
6086 9
20929 2
1548 63
2673 20
4006 1
71 18
395 44
13017 2
3261 31
12749 4
4809 5
2313 57
10230 2
2895 36
11709 7
5720 1
28475 1
14680 2
9522 1
2856 1
1928 13
11722 1
23517 1
4175 24
5100 16
5611 3
1358 38
14355 1
172 92
979 7
2801 19
10638 6
10033 3
2527 29
21542 1
5092 11
304 56
1884 7
464 51
5165 13
1172 41
18766 1
2429 6
2272 40
9883 6
3313 17
571 95
1461 34
13271 6
15367 2
188 131
1407 30
2419 39
5730 5
1984 11
6385 1
13729 1
4552 10
11044 7
18652 1
6351 14
3538 30
428 98
8407 1
16600 1
2879 27
175 108
1768 28
8698 11
3707 18
13838 5
875 64
7916 4
15144 1
626 57
17951 1
2334 54
3852 21
7682 1
17910 1
2926 22
3881 6
3813 6
11088 1
1864 49
23968 1
2354 6
3842 1
167 139
20281 1
2959 21
1177 76
7365 7
7387 4
2429 25
3454 10
5261 16
10409 6
20847 2
3232 10
21231 1
1238 11
7171 14
1005 67
437 46
805 84
3960 9
2808 38
4082 28
4680 11
366 82
136 1
4181 1
9052 5
1716 46
5708 17
1670 47
28714 1
932 12
1005 79
2744 7
3780 20
10869 1
2562 16
26815 1
8342 1
2158 35
1334 62
1368 18
14684 1
4491 21
274 32
2777 10
5658 4
1538 1
3600 9
356 21
462 4
943 28
9160 1
11857 2
25888 1
1380 72
1883 7
14910 4
874 11
7383 8
24885 1
2228 27
1042 61
712 1
5923 6
26026 1
2534 34
2377 12
4642 2
214 92
17584 2
1607 34
9226 3
9949 1
164 142
6378 1
185 94
5882 8
1479 76
1281 33
5545 18
411 20
4040 17
935 64
7307 1
16728 2
4300 7
7340 2
508 7
18037 1
9591 2
554 82
1819 66
8833 1
4977 18
3445 7
206 6
11033 2
4637 1
16496 1
4925 22
2473 45
964 11
340 45
2795 39
4200 8
2003 41
547 2
8995 1
299 75
4905 1
11784 1
2653 41
2079 63
957 8
246 68
1198 22
8452 12
3265 2
6758 15
12007 5
5472 12
1559 33
1470 1
22004 1
2836 6
19526 2
15590 1
7854 1
2467 7
1186 12
9559 6
6829 8
10062 1
8165 1
607 18
8457 12
20825 1
3735 24
21012 2
16328 2
3316 29
451 57
15934 1
8646 4
6719 9
519 26
2325 14
497 13
481 76
9011 1
1131 51
173 1
11722 2
2030 63
944 18
324 24
784 10
1499 33
8596 4
2037 54
5976 2
3894 17
10254 1
18029 1
484 37
1343 22
1307 36
1840 52
3364 26
6201 1
12084 2
3194 26
4382 20
542 64
865 73
162 22
26696 1
2320 1
13980 3
15667 2
10419 1
1812 4
26131 1
9249 8
1225 11
1398 1
743 5
13944 5
2796 1
189 103
9162 1
1383 62
29073 1
2771 4
4385 21
955 23
20111 1
27269 1
715 36
828 55
823 30
345 88
7445 11
4445 8
80 72
3377 19
14765 2
1642 68
1599 16
5223 20
8399 1
14878 3
9462 1
4412 20
14232 4
3532 25
5346 5
797 1
10723 1
6801 1
19638 1
17943 3
1588 34
687 56
12754 1
2791 34
18946 1
2379 38
24517 1
1626 59
1878 17
1476 12
3337 23
19782 1
14156 4
2536 39
2231 52
1033 46
1211 17
3308 12
2216 19
3242 12
821 44
23480 1
2915 3
11437 1
9752 1
1013 1
8672 7
4699 10
3324 33
15398 1
3495 24
228 83
6534 13
12950 5
18239 1
1478 11
1923 35
3214 26
24097 1
1034 19
1998 50
2433 25
6510 4
14284 2
4546 2
3763 12
4512 5
8511 1
1717 14
3105 24
21378 1
28930 1
9890 4
23469 1
14072 1
16134 1
6320 15
6309 7
20646 1
2027 27
227 23
288 15
2171 38
26471 1
12195 1
8325 10
5543 18
6848 9
793 69
1846 61
15397 3
19778 2
7481 1
914 11
1863 50
561 43
28649 1
3495 31
6643 13
1880 50
4124 1
3273 30
4434 1
6646 8
1111 22
860 1
2616 16
71 58
9464 9
629 19
8871 11
3454 29
10870 2
2851 15
25388 1
215 23
557 80
596 15
9822 5
18758 2
1671 32
21442 1
27159 1
15562 1
4570 1
812 57
194 28
3011 11
22124 1
133 132
18434 1
6131 1
725 26
15778 1
11258 3
2443 46
2482 34
4798 18
1304 72
4227 1
8314 1
5490 8
6130 11
28362 1
2799 23
653 69
23156 1
25499 1
199 35
10062 1
16568 1
15273 1
207 114
8628 1
18265 1
17648 2
1354 41
8711 9
2262 56
227 111
682 7
16332 1
1169 1
1558 55
9037 9
4746 18
1952 55
2058 54
107 94
23924 1
14194 1
14760 1
655 1
2463 8
20444 1
11719 1
22051 1
3410 9
2925 1
7720 9
11528 3
8961 1
16311 2
17119 2
9576 2
19607 1
5659 19
21725 1
9079 4
3027 1
805 68
17951 1
5803 6
7448 6
276 40
18727 2
17716 1
22951 1
9110 11
4353 1
181 43
382 101
4966 14
9578 4
233 97
4951 5
1358 16
390 38
1715 15
3299 15
3545 14
2993 18
16838 1
15230 1
2094 64
3079 19
11507 1
56 34
10303 1
2932 30
2769 29
2735 30
15505 1
3584 6
5516 5
7588 3
6477 1
27361 1
6900 1
10171 4
26008 1
341 39
1459 67
1941 12
4566 22
2079 17
3443 2
182 27
11100 5
15025 1
2327 7
2140 41
5 3
747 81
3302 20
5809 8
3706 23
735 13
1460 1
2059 8
9915 1
617 14
9683 1
1003 48
9004 11
26792 1
112 98
6549 7
7191 1
5442 18
1884 29
5905 1
5624 5
183 14
4556 1
5359 18
17293 3
5638 16
1223 34
1879 38
2923 21
3508 1
3839 1
1291 33
6526 13
3596 10
8668 9
3241 1
9876 3
500 64
127 106
10034 1
2758 13
606 2
3001 29
1233 68
8105 12
4643 1
18295 1
2164 45
1860 17
25595 1
3281 17
4766 22
9440 1
4963 1
181 14
1941 59
2020 1
18259 1
3169 31
3946 16
6140 1
890 88
5305 20
702 33
1966 61
1009 68
229 81
12632 3
2838 7
29221 1
5595 3
23853 1
21416 1
3355 18
1579 1
1434 50
7037 13
3880 12
1410 50
19130 1
3961 1
2083 64
4789 19
6031 9
20172 1
997 51
2966 16
1183 14
18959 1
2453 7
5926 2
18045 1
6493 9
28618 1
1199 8
6853 6
5421 1
9574 9
14783 3
7964 9
11590 1
2729 23
2111 20
5906 1
498 41
1347 58
1282 42
2397 9
24650 1
8909 11
422 17
763 73
1103 44
28020 1
1520 41
3081 4
3931 3
268 79
139 76
14331 3
27943 1
6637 1
8676 12
7789 1
3208 7
2684 18
11608 3
15925 1
25527 1
12874 6
321 15
1889 8
11981 3
757 57
2718 4
2867 1
2305 6
1675 16
1554 67
1834 16
2280 26
207 79
195 1
479 78
28405 1
1169 47
1744 18
2215 57
9513 1
4587 1
4123 1
989 25
66 48
21173 2
305 86
1908 30
7355 6
2076 49
586 57
1427 47
2074 33
1699 7
11727 1
7571 14
636 84
7745 11
14893 2
5408 13
4249 18
17436 3
5598 19
530 85
11952 1
2113 47
8683 6
4889 12
1036 25
1564 29
11743 1
4706 1
1935 31
7297 1
1800 48
1327 2
3972 7
1474 25
1401 7
14215 3
11407 1
29274 1
19908 1
157 124
4921 14
1127 62
6680 2
369 33
16132 3
525 90
5784 1
695 11
1516 22
6752 14
3202 16
13822 3
12947 1
17336 3
5546 6
14978 1
251 92
332 1
7032 7
13245 1
12360 1
29140 1
68 34
14559 1
5457 1
4295 1
15567 3
1080 49
29113 1
1811 27
15712 2
585 41
3867 1
2123 24
15119 2
5183 6
25264 1
10179 4
25734 1
25803 1
415 33
2583 4
1836 17
9291 2
340 1
8361 6
1085 1
6307 5
1731 17
4117 1
10836 1
269 33
20929 2
2587 34
11575 1
22867 1
13250 1
5886 14
15656 2
17092 2
11660 3
4898 18
22708 1
10906 8
3604 26
5656 1
1190 61
17208 1
1433 45
107 100
13764 5
1596 33
3544 1
2311 29
8523 1
26897 1
1627 29
1551 14
1733 32
27889 1
1475 56
394 90
1149 1
11971 6
17643 2
2225 41
19549 1
8273 1
7975 1
14976 2
15568 1
11239 1
6907 5
496 42
2408 21
2003 2
709 32
16692 1
9160 4
4442 10
5664 8
319 95
752 51
20584 1
24198 1
13897 1
1554 34
10690 1
507 35
16896 2
1866 20
22223 1
9918 5
6268 17
1979 1
632 50
6137 11
10409 4
8781 11
24802 1
115 13
14167 2
977 22
5474 2
3591 1
2267 8
201 89
16424 2
196 57
4375 6
7014 12
25497 1
569 68
10475 5
11733 1
12136 4
1396 1
12134 1
6882 16
4734 10
5021 13
17909 1
5235 4
1473 25
11775 5
2037 16
3689 2
234 110
2848 1
19413 1
1007 10
937 70
7632 3
19548 1
986 42
7667 12
3071 6
4189 11
1163 76
15635 2
505 1
13139 5
2595 10
3507 1
15000 4
1089 23
990 59
17031 3
613 81
29368 1
10887 1
25328 1
3770 6
4219 21
1393 65
725 16
9617 7
19743 1
11275 5
5319 8
14751 1
1816 4
1186 44
1290 69
8121 13
8381 1
1620 55
1298 65
25836 1
4756 11
1654 57
13018 4
11052 1
4865 3
24110 1
5355 10
5313 7
22172 1
6586 16
106 3
511 82
181 33
14605 1
4288 7
3130 25
9598 5
2351 38
28148 1
6312 14
3237 32
7035 9
326 34
866 35
3138 22
1570 44
11329 1
2787 30
2518 48
12901 1
1813 4
11227 6
2458 16
1017 15
6886 5
3074 1
1762 37
568 43
13534 1
2538 19
2357 5
3439 5
3725 1
2600 2
3706 3
1452 51
9046 1
5532 9
24842 1
9119 1
1526 67
1634 31
1956 63
3555 17
7707 12
577 56
904 41
4738 8
1785 37
2285 10
5170 1
2457 10
22957 1
9749 1
22386 1
8040 5
764 5
19008 2
8694 12
3245 33
20810 1
16811 1
831 3
7684 14
2819 39
6542 1
1954 49
1493 36
2496 21
3232 28
13830 1
18919 2
1922 7
3429 3
2901 26
5688 12
111 52
1664 56
1112 21
18824 1
11873 1
6356 9
24116 1
28749 1
17543 1
24557 1
466 29
2158 1
8469 2
139 42
978 7
5635 19
2701 18
471 97
377 24
4903 1
10119 4
237 67
8533 8
630 21
193 52
6643 14
15546 1
5953 1
14580 3
4562 25
15210 2
1198 53
2143 1
3507 5
14069 4
1627 5
23833 1
22252 1
8413 5
15430 3
6024 11
8872 3
2357 14
373 30
1264 46
6530 11
10812 6
301 25
5917 1
1391 38
2161 61
17703 1
565 80
2392 24
8881 1
1438 63
27895 1
5989 17
10276 6
10239 1
25374 1
3200 1
1974 16
11681 7
1938 11
19257 2
169 142
2073 34
8691 1
9320 1
11277 1
7900 8
2991 9
1808 56
20452 1
4178 8
10385 8
9328 3
5957 8
17192 1
1482 51
9881 1
292 2
569 37
9882 1
6994 11
4468 1
861 18
106 21
3912 22
1525 70
2653 15
214 1
2382 54
5376 14
18021 1
3407 1
859 69
121 37
289 92
28966 1
307 12
27083 1
16509 1
12593 3
13719 1
16000 2
245 102
19278 1
3073 27
1412 30
13000 2
507 70
27715 1
18563 1
1508 51
2375 52
3350 15
310 48
6472 12
28496 1
2042 22
2419 34
1738 31
28077 1
28264 1
7602 4
5473 12
446 16
8888 8
12513 3
4095 8
329 11
3639 12
29291 1
4155 7
5772 16
12367 2
1147 51
500 72
6627 14
20966 1
5826 18
1863 20
20971 1
5719 5
5622 16
7380 1
10918 5
3074 1
4422 25
4395 1
2185 59
10678 7
28383 1
13681 1
2141 3
21851 1
2307 5
246 89
1161 66
3060 7
10976 1
17429 1
546 43
10894 7
11206 1
1522 20
569 6
1695 1
3264 28
14744 2
425 11
23544 1
26523 1
2542 31
11173 1
9074 2
1711 37
13609 3
2447 38
14079 1
1764 44
6404 8
1406 7
4961 1
8735 11
8538 7
625 63
2946 35
2643 1
2223 33
609 49
2822 13
406 95
1002 46
6198 9
4108 22
6616 11
7207 11
577 72
3233 29
4517 21
10 5
27 3
3472 11
10159 1
10404 1
468 96
14175 1
1035 77
9353 9
16686 1
536 6
1785 60
5882 17
601 46
937 62
7981 6
787 39
1214 5
22139 1
6511 6
151 101
28161 1
2875 17
2560 1
2833 3
171 76
168 1
138 55
29206 1
152 144
4354 20
7275 14
348 19
474 67
1338 71
6578 4
1982 61
135 53
163 4
264 87
3440 5
22414 1
992 59
641 50
886 80
1495 68
8801 4
2259 6
5195 1
9966 6
1516 5
8236 13
337 40
2952 21
1000 64
61 5
6555 1
964 52
199 103
6767 7
1192 59
855 52
5680 8
7636 6
2752 11
2002 1
4005 1
5694 1
2052 53
14731 1
5276 2
1327 74
638 87
1798 28
1040 62
5363 10
4357 16
14738 1
576 75
8798 10
2290 44
6686 5
7315 15
858 2
844 40
1121 13
19353 1
1781 58
528 41
2412 9
3728 26
14525 2
11625 5
3486 18
4819 2
1494 69
4822 2
7194 2
22676 1
504 21
12732 2
7593 9
812 37
4479 9
1152 62
12344 5
26654 1
1965 1
17732 3
3303 24
2075 1
9584 10
373 47
8433 6
1886 27
1025 50
9105 10
2845 11
10478 1
6179 18
16438 1
18333 1
13229 1
6561 12
20630 1
22410 1
11224 8
5911 15
1933 35
608 38
1329 24
258 8
12062 1
28782 1
1181 75
10593 5
215 28
17457 3
1252 17
29078 1
7022 12
12065 1
6623 8
1497 48
3860 26
2464 30
9440 1
26341 1
28778 1
1044 1
722 27
10499 7
4899 7
1209 2
845 50
6611 1
864 32
2158 6
378 97
27777 1
17196 1
1114 77
3232 8
2456 1
499 10
10918 8
3777 6
1440 36
22520 1
75 19
29045 1
2219 35
19857 1
7892 1
888 60
1859 63
1698 29
1235 56
4337 14
9058 1
5403 4
298 87
62 52
7377 14
332 8
10364 6
432 45
3927 2
754 37
150 136
5448 8
749 64
179 23
27533 1
10856 4
22494 1
12068 1
571 6
24918 1
549 41
13701 1
546 68
4821 15
13601 2
14269 3
12658 4
1516 18
1581 28
673 3
1844 41
10596 3
19480 1
1029 8
1281 24
1144 50
17420 1
11556 2
4901 15
4188 1
15675 2
2042 53
10773 1
496 1
2158 7
13685 3
431 18
6428 2
9731 1
785 50
10415 5
1647 72
5643 4
2788 40
11540 7
2723 6
2252 1
8970 8
6852 4
5488 1
521 68
561 9
127 1
2105 44
14167 1
1532 11
874 11
4553 1
680 70
441 30
433 79
1995 39
1094 60
4907 7
66 1
1783 44
1360 1
13097 2
9619 4
5103 2
15930 1
2804 7
15470 1
13781 1
16612 1
3729 16
1452 41
502 20
704 15
191 97
2731 1
5068 7
9116 6
6921 2
681 50
822 26
1902 39
14544 1
13215 1
18051 1
4803 12
27476 1
3725 1
6669 8
3971 20
3285 23
3881 22
970 42
2319 2
296 37
646 24
13930 2
10020 1
871 2
15411 1
11588 1
14295 1
1448 73
4067 28
4258 22
23647 1
1725 11
2355 29
1148 21
1120 59
2297 10
18260 1
418 79
2869 3
11438 1
3543 8
7518 7
105 62
7628 14
7540 9
13986 3
580 44
11079 1
1616 1
2470 50
13825 3
26686 1
2721 33
7839 10
7530 2
5437 9
10993 3
20147 1
2840 19
978 37
2313 44
624 62
16479 3
134 19
7829 1
7091 14
3810 5
7023 2
1912 48
8781 2
26063 1
4341 1
2504 40
17139 1
1795 52
3487 30
4053 4
762 74
3207 16
27681 1
4047 1
3602 19
10986 7
6714 3
1080 22
24090 1
2712 41
8200 1
15206 4
2245 6
12341 6
17931 3
1979 39
4105 17
3211 22
1002 1
589 63
7160 7
2269 55
2341 18
6542 10
17413 1
1446 22
395 64
18850 1
5430 15
4275 5
208 20
3204 9
756 4
27549 1
4099 1
3472 7
1094 18
1425 15
16672 1
21015 1
588 74
27041 1
1471 20
2594 24
4396 3
14206 2
24854 1
8713 4
12970 1
9315 1
25468 1
2153 25
21504 1
2218 31
1235 78
3608 29
23289 1
2033 15
4207 21
5726 7
6795 7
5505 16
2661 30
20584 1
917 43
1375 15
1042 59
7606 10
533 47
4839 1
2161 37
19588 1
12828 3
17736 1
1877 4
16030 2
6345 7
2505 4
7539 4
2165 48
3054 26
17442 1
26555 1
8040 9
657 9
4533 16
944 13
10029 1
1063 26
9790 1
6544 1
2308 54
6081 4
13485 3
1421 17
11290 6
1442 20
26994 1
954 7
363 60
4874 19
2471 43
1511 2
8759 1
4540 8
3512 19
10788 3
1003 50
9798 1
10415 1
791 31
2085 64
6900 6
9874 1
3940 15
354 14
9174 1
5067 14
567 48
13896 2
3507 23
14639 1
5586 18
26619 1
4006 27
6282 5
12154 3
19744 1
972 1
2693 30
28335 1
10702 1
9121 6
1833 60
375 30
366 7
14827 1
5851 6
10982 1
2017 24
8681 11
710 23
9484 6
18603 1
8267 10
1789 1
493 2
9750 2
3991 19
2156 25
151 86
2096 36
6204 8
219 32
24376 1
7883 12
13232 1
20071 1
254 16
863 1
400 14
18151 1
25864 1
6516 1
1323 27
7938 12
9564 8
1398 58
24289 1
1248 65
7873 10
12686 2
473 23
6567 16
5687 1
13995 3
29130 1
6603 3
508 51
7348 3
2747 27
534 1
368 93
865 14
11705 1
21949 1
6102 1
13929 1
3390 13
5239 5
2093 64
2617 3
4570 25
1450 47
976 81
1087 45
8794 8
1064 31
12691 2
2814 30
27400 1
3245 22
2763 28
3601 3
5942 14
2706 8
6051 1
17507 1
323 15
23795 1
10778 1
19804 2
14899 1
7370 9
2937 8
637 5
4324 7
524 25
24933 1
1609 4
24735 1
3599 22
28623 1
2030 51
226 57
24349 1
2380 38
3430 22
2117 7
5380 1
3140 18
6878 16
7790 1
23498 1
887 84
288 52
2902 1
22746 1
9650 10
23517 1
2196 9
16144 1
6645 12
8461 12
4588 2
13453 1
4581 13
1158 41
927 45
144 2
909 65
1721 51
13640 4
5715 3
2581 4
21773 1
22301 1
3696 8
4627 15
14835 2
162 140
2198 1
1350 35
416 54
10778 8
1393 1
8586 1
23117 1
4049 12
1194 1
3226 4
1630 64
11865 1
16256 1
35 18
69 47
1087 61
2232 58
10388 3
4513 24
16314 1
8498 5
16123 1
326 76
19162 1
5450 2
3979 12
587 6
1334 43
937 9
3191 30
12521 4
8317 8
2576 3
379 24
912 37
486 84
3116 31
8253 5
10405 5
10783 1
213 70
1594 39
718 18
2760 41
299 88
2452 1
27077 1
1443 69
10055 1
24271 1
20755 1
10376 1
2511 34
10960 4
7013 4
1861 46
13167 2
11384 1
16289 1
13233 6
3136 21
2648 34
2847 1
10846 3
26707 1
7794 14
4438 1
28117 1
5747 20
335 58
2252 1
10242 5
2102 45
897 43
530 75
419 61
13202 4
1769 54
10356 8
14822 2
758 87
1020 60
650 47
22528 1
14994 1
423 90
843 25
154 141
9053 8
13131 1
8857 6
181 41
2502 5
401 15
7183 11
5938 12
5811 10
6851 5
2423 43
98 45
2590 34
4435 11
4847 12
2392 8
2365 1
2724 5
2379 22
9322 1
4995 21
8068 13
8957 10
2304 37
25019 1
5112 11
2943 36
16478 3
1556 38
3894 16
1095 59
254 1
5226 1
240 57
22737 1
1287 55
2099 60
2077 34
1687 1
745 1
640 9
3046 31
862 88
6306 7
12292 1
1170 17
5674 10
3737 16
2822 11
2002 60
15678 1
1491 46
21108 1
16035 1
791 58
14139 3
15853 4
1087 73
2172 31
2145 12
999 2
6054 15
21303 1
1616 62
7416 2
1537 53
11186 1
4505 17
1529 60
740 36
1039 58
2032 2
9223 4
9067 3
2292 54
958 14
1798 22
1409 48
4422 9
1508 11
2241 25
1175 77
2149 58
1692 25
380 21
7418 3
1117 9
1298 11
928 55
8546 11
514 16
3837 1
346 84
17336 1
667 51
6399 12
20667 2
6946 13
7738 13
13591 1
3566 27
1896 1
9818 2
318 73
4306 7
340 1
2362 17
8838 2
10605 7
6902 1
17350 1
5988 3
9682 8
21487 1
5923 1
12627 6
854 82
1117 58
3446 10
23755 1
1756 32
4916 1
4047 25
694 7
4041 15
1148 15
17048 1
1212 15
4806 13
1997 36
12185 1
16272 1
17639 1
373 92
1249 66
8899 6
693 49
3860 1
15839 1
18765 1
25590 1
13264 5
6707 12
144 54
2629 43
858 43
11537 2
7693 5
6759 1
7147 10
5012 9
1024 19
1585 44
7869 13
6632 11
3582 1
2518 16
8725 7
7868 9
3685 19
23639 1
2497 19
6668 2
1129 33
8612 1
1334 4
1133 10
4410 20
27006 1
8885 1
190 75
1581 1
23301 1
5515 1
2517 1
2996 33
2555 40
2408 29
5852 5
18510 1
10126 1
1132 25
6850 1
11922 1
12382 3
389 3
8221 1
420 77
3773 11
6536 17
5027 1
708 42
1477 65
2167 32
17900 2
19601 1
10326 8
9064 6
207 21
2292 20
2643 33
2194 8
168 45
20949 1
7473 12
347 95
1685 8
16583 1
647 29
4822 1
3493 27
12994 1
4671 1
744 32
27574 1
1954 12
2433 35
7680 3
5843 1
1213 72
5758 9
4889 15
24207 1
2367 30
7777 9
4644 19
4307 3
12782 1
5654 2
1247 44
26414 1
7267 5
189 44
2090 33
2879 29
19019 1
3730 2
18571 1
10316 5
1583 1
6544 4
5563 1
1136 81
12015 2
3531 31
3058 33
28605 1
12636 1
17253 3
710 62
13000 1
14900 4
4192 1
7822 1
239 99
5203 20
1877 61
690 69
12830 1
1998 62
13102 1
2013 33
3262 7
1989 28
1246 78
3256 11
2581 39
1047 55
3795 5
1042 77
2508 45
3319 19
21052 2
1151 1
1008 25
26930 1
11748 7
409 69
7424 1
175 29
9359 4
8894 1
64 22
773 17
4163 7
25589 1
356 83
1474 23
28971 1
7084 11
9360 3
3234 22
693 66
1631 49
6568 6
4554 23
1853 17
1354 33
818 26
4000 1
26703 1
1982 23
320 57
5884 16
4871 15
10789 1
17106 2
3194 4
10069 4
17714 1
1170 28
10769 1
1993 56
4069 7
3165 12
3304 30
4399 26
8873 8
1122 23
20929 2
792 84
1737 22
75 30
948 45
6547 12
7800 1
29226 1
6058 2
10380 5
152 17
12687 5
1502 69
5571 16
14527 3
13376 1
2334 49
21119 1
9092 9
871 44
17089 2
3434 20
17552 1
7749 6
4471 14
572 25
7012 1
607 78
1063 30
5004 1
26682 1
10394 1
962 78
10629 3
390 93
1686 67
8592 1
4598 15
5355 1
8347 8
13872 4
604 34
14003 1
2036 15
1261 78
5372 10
1957 50
1496 61
983 66
2153 50
3947 2
1577 25
22368 1
1360 60
15760 1
14199 4
29398 1
2323 54
986 79
1924 17
21342 1
22900 1
4176 24
24669 1
1386 32
4363 7
13730 1
8906 5
15319 1
1727 1
13654 1
6288 18
298 33
1436 17
2201 2
12848 6
394 3
23342 1
157 111
440 16
555 52
3268 13
1727 35
27685 1
19696 1
330 56
1953 37
2997 1
3018 9
6495 9
5131 11
2565 18
1860 24
2846 38
889 80
6454 1
5479 20
710 18
5915 3
904 17
292 17
12963 1
27344 1
2685 1
3382 6
285 26
495 46
3001 3
5849 16
11962 1
247 40
1603 2
6577 1
833 61
2847 1
546 24
11197 1
23451 1
1770 8
18881 1
8951 10
7281 14
1410 73
28957 1
11415 1
10427 3
3244 22
8530 11
11078 1
6456 6
3455 7
1549 63
21902 1
589 5
24557 1
530 60
15467 2
3090 16
4603 5
24116 1
4476 24
474 14
14073 4
12012 1
1617 28
8524 2
3963 9
3351 27
2010 58
21048 1
5871 6
3621 4
4912 14
8069 1
2512 10
17896 1
3770 26
5374 15
199 65
16911 1
9203 7
6129 2
270 46
4379 20
18523 1
5061 19
2421 18
1784 15
479 24
140 31
12274 1
1850 2
4158 21
1610 1
2026 32
22710 1
8510 10
3067 17
17032 1
17199 1
2756 1
514 32
2377 33
2725 1
23598 1
14946 3
25381 1
21041 2
1118 38
10105 1
2370 53
11328 5
1462 58
1216 1
2060 63
1552 32
2728 8
17008 1
7483 6
26429 1
7861 3
25559 1
9382 4
2358 43
20313 1
22764 1
1524 53
8777 9
596 44
8433 1
11014 1
266 11
12408 2
364 14
179 31
3120 1
3228 2
11999 1
1248 33
25651 1
12172 1
3006 23
2466 37
16175 2
1805 25
138 6
1157 21
9295 1
574 83
1988 25
3502 5
7458 1
2281 7
2151 31
2677 19
13693 1
1293 1
3537 12
2910 14
716 1
4949 13
936 82
604 92
8987 10
7441 5
25565 1
3578 13
20277 1
366 99
2252 44
6425 1
20795 1
8144 4
4352 3
1416 53
5902 4
6072 3
7360 1
3746 27
10534 1
24929 1
13588 3
6111 3
12343 1
1454 6
235 100
4892 9
7966 1
1824 15
599 55
226 15
6316 18
5806 5
14920 2
2639 20
1090 4
79 29
17663 3
1525 12
16038 1
874 10
22851 1
13729 1
5579 17
250 57
28933 1
42 1
1036 62
2784 33
10105 2
1209 72
28937 1
3227 13
425 38
1120 65
8756 1
96 39
754 65
1132 19
2025 37
602 79
2860 18
2803 35
25120 1
26576 1
860 39
7688 8
9657 1
1110 4
10274 5
8382 11
1244 23
4008 1
17247 1
5010 7
10370 4
1916 1
4263 24
12500 1
536 92
22841 1
292 74
515 68
252 86
5495 14
1997 49
2787 16
594 29
735 47
391 89
569 72
8979 1
89 28
4643 15
14486 2
761 60
8311 2
160 100
583 80
1078 38
112 5
1568 36
29337 1
24969 1
2779 6
23822 1
15632 1
1231 53
22151 1
6517 2
4521 20
12507 4
4683 3
5120 14
19241 1
2104 4
321 27
2349 1
1140 74
3655 8
3841 5
23649 1
4406 6
561 36
13997 3
209 87
22273 1
4107 14
29419 1
8817 1
3843 26
1789 45
13382 5
697 69
5996 17
2667 44
2430 37
7358 7
7459 9
9516 8
3315 1
3766 14
11157 4
10941 8
4002 28
2487 12
4103 1
1184 31
2389 5
18250 2
17342 1
9429 10
1432 40
2313 13
5989 6
6583 4
288 83
314 66
13430 1
9965 7
12024 2
19808 2
910 37
12032 6
2478 11
129 129
3228 3
345 55
618 94
108 35
1116 33
2217 45
1248 39
17251 1
2106 53
446 32
2417 44
14065 1
17514 1
1903 38
14956 1
7450 14
2318 20
5735 2
2440 11
22839 1
5095 4
1578 29
6063 7
1122 6
6633 10
1987 30
44 5
350 81
3739 25
139 121
4414 15
1379 49
15616 1
21349 1
9617 1
6484 1
2818 1
4637 21
18830 1
1138 37
1506 45
628 16
7296 13
2261 4
1149 63
5123 4
2072 60
2499 31
856 46
349 99
16270 1
3504 26
8072 1
168 94
9933 7
425 21
28443 1
17204 1
14543 1
17197 1
888 69
1695 68
7304 1
11267 1
13103 5
20893 1
4050 22
2187 41
11765 4
22706 1
3795 2
931 5
661 18
517 62
6876 9
5936 19
15243 2
9922 8
2517 10
118 97
2282 31
2483 33
3390 27
23198 1
28033 1
341 102
13677 1
3529 11
28867 1
2217 19
14089 1
17803 1
10384 3
3552 1
23013 1
249 81
2401 36
1952 61
653 50
2826 15
5376 2
1131 36
182 41
10002 3
271 38
783 32
1049 16
3392 23
1964 2
10397 1
3908 12
27244 1
225 102
3905 19
665 58
22546 1
28890 1
6146 1
6386 16
4571 1
6541 8
429 94
4990 13
22194 1
2854 8
3195 4
2629 15
10605 5
232 63
7296 9
6192 1
4805 22
14126 1
16469 1
8287 9
8377 1
800 74
5805 11
24697 1
2172 32
22006 1
1576 1
17568 1
21815 1
24575 1
3269 6
1097 3
3604 1
16324 1
2780 4
2367 54
8161 1
2569 27
253 48
1604 58
5039 21
4552 15
2622 1
1003 13
4054 7
2109 16
1170 32
14237 1
6930 3
2028 14
470 10
3145 14
23168 1
1531 1
1154 67
3490 5
931 41
846 68
7587 13
2685 26
4780 24
4808 8
6060 8
25029 1
1497 9
2544 5
7168 6
19673 2
1015 77
1757 39
2134 48
346 55
15083 1
2162 34
1793 65
20410 1
756 44
384 22
7165 14
10392 9
1713 62
10629 2
5343 19
5654 1
1644 2
3195 28
10115 6
162 110
4034 4
29106 1
530 75
11385 1
17488 1
2201 29
2085 21
28771 1
753 67
2248 19
532 12
9255 1
25219 1
278 70
1665 1
7448 1
3158 10
2230 23
4620 3
1980 6
1114 78
26006 1
18944 1
596 62
4960 1
633 90
4996 1
6706 9
6909 12
14915 1
11676 4
3495 30
6064 10
940 30
2606 28
1019 66
17219 2
637 42
18492 2
5931 1
1433 34
20558 1
7734 1
1089 1
5490 13
2343 34
1127 32
968 57
26311 1
15225 3
763 64
2090 9
18632 1
24533 1
2814 30
293 84
4936 13
1018 23
14124 3
3231 31
2797 41
4927 15
2596 22
2739 19
14273 2
2155 8
4213 22
23944 1
1365 36
2045 54
7195 1
11784 1
1729 65
8826 1
618 90
1457 51
226 39
371 93
71 17
28442 1
818 18
7532 1
11808 7
987 70
5662 19
8354 1
162 98
22376 1
2287 50
19661 2
10548 8
21104 1
22727 1
15973 1
1731 18
19086 2
22506 1
12291 7
1637 71
9500 1
4318 25
2397 30
937 56
513 1
19399 1
3054 1
8404 2
1737 66
15108 3
2561 4
976 2
755 55
772 21
2755 29
97 66
1131 18
126 110
3717 18
690 28
7107 12
1500 61
1426 29
408 97
1435 15
23991 1
1598 58
17891 1
3415 21
3437 28
2689 10
968 18
583 68
18657 1
6856 5
2228 3
3922 26
2411 49
7169 4
150 104
2087 1
16182 3
9340 1
1837 43
2245 14
678 82
25989 1
6649 7
257 88
8529 8
2662 36
6255 2
2355 33
12983 1
873 24
979 23
778 8
2681 33
9501 2
5806 1
708 18
757 27
10479 1
1062 14
6608 1
1466 75
6622 12
2285 46
4842 21
466 75
1806 69
121 49
20324 2
265 71
1238 26
1402 68
21891 1
2360 2
421 49
14728 1
444 88
8431 1
16467 1
13511 5
1418 41
18661 2
18993 1
7027 13
4907 10
2978 31
18736 2
4919 21
874 25
658 27
4057 8
164 11
17956 1
2256 59
22377 1
7607 1
1903 15
1273 19
8648 9
1708 66
396 85
7731 10
8736 1
1447 15
679 8
719 48
4687 11
28209 1
13671 1
9314 1
5429 1
719 25
23746 1
2647 15
15094 4
13292 1
952 60
5979 1
1319 23
1040 11
18898 2
6982 15
4925 18
4444 9
191 70
7876 1
17677 3
2005 24
4057 12
20800 1
149 109
20096 1
2950 13
834 35
4667 22
4120 14
1502 53
1170 72
4933 22
8102 11
18367 1
2270 39
3469 6
4166 27
14212 4
26662 1
3102 19
5511 17
3744 2
2104 7
3402 11
4818 2
15199 1
7218 5
299 78
104 97
4879 4
25147 1
714 82
9906 4
1590 34
1363 46
20499 1
1862 27
305 67
1671 21
2478 43
985 59
27824 1
5578 3
13793 1
11787 3
13521 2
7146 9
9143 6
4040 4
4026 1
1223 72
4545 4
18359 2
750 80
16811 1
3261 1
213 24
22425 1
15820 3
241 40
7121 15
7057 10
25792 1
13561 4
17281 1
16983 1
12000 1
4535 14
760 84
1172 7
12856 5
4214 1
2307 11
6940 4
1179 75
128 15
2121 37
3645 5
23484 1
161 88
731 60
14915 2
5774 1
6161 1
2090 35
25156 1
1567 69
2108 63
588 6
65 26
10306 7
1112 28
7369 1
15094 4
14252 1
2743 32
1511 69
3601 3
16413 1
261 104
2108 60
14236 1
2014 65
10342 2
361 1
354 102
11754 3
2824 18
840 11
982 56
4108 1
3020 1
9840 1
912 52
7032 9
23585 1
18899 1
3216 18
9174 5
2124 32
6511 11
1401 47
242 35
1293 35
706 16
864 18
2630 45
2485 43
1289 4
413 80
4651 2
12466 1
2864 4
3610 4
1823 30
3702 12
8261 3
7351 5
1369 1
1083 77
3032 16
15096 2
5226 15
4148 7
6269 14
8580 2
2672 20
2228 55
21834 1
16819 1
11118 5
2413 18
1628 48
1283 49
2170 1
564 57
23471 1
7824 12
2299 19
23901 1
2131 39
5745 8
1066 17
6 1
717 47
331 32
2019 29
296 98
198 101
26082 1
11853 5
2182 14
2643 10
2618 22
23573 1
9969 8
20469 1
3264 16
22586 1
16817 3
5530 1
9416 2
8988 8
10350 3
5794 1
14461 1
1994 17
2025 8
4940 10
14220 1
4645 2
21836 1
913 83
307 45
28007 1
15328 1
17504 1
183 26
943 1
13816 2
4099 24
14196 1
28063 1
538 1
2869 2
694 15
490 44
22042 1
18404 1
4602 19
26596 1
1231 9
1421 23
4199 1
1215 49
9240 2
4303 5
3646 12
20553 1
962 28
6761 1
694 44
7179 6
313 95
4978 8
586 21
3057 1
18156 1
1014 45
9810 4
2256 31
604 65
2467 8
4754 12
2595 28
10065 1
4566 24
16956 2
6014 16
1667 1
21251 1
5316 12
7550 10
6023 1
6845 13
18871 2
1310 53
4943 7
5279 8
13377 1
17615 2
356 33
1701 71
590 12
20833 1
2384 22
21224 1
1267 19
580 79
144 33
12006 1
552 56
4920 6
3646 1
10256 3
2130 14
7585 1
12395 1
281 55
1281 69
17780 2
1690 56
19269 1
221 47
25162 1
15523 2
18187 1
4764 5
8913 7
6177 1
2311 9
1122 24
1675 61
1094 17
377 84
2062 27
9072 1
4068 2
4655 16
6865 3
17854 3
1832 18
2604 31
6041 7
20676 2
4179 1
3367 22
320 94
4954 9
439 59
890 76
440 13
1263 15
20950 1
8526 2
2106 46
1979 49
11908 5
5379 18
4588 2
5844 2
1570 33
5059 1
317 1
9322 1
26293 1
27390 1
8391 1
27987 1
2440 2
3339 31
1743 26
387 2
29019 1
20141 1
6208 2
2862 9
21766 1
24344 1
1719 53
1437 42
1854 47
2159 5
3065 15
1099 18
7023 6
11665 3
432 30
19714 1
7838 13
3144 6
13421 1
29079 1
27432 1
9795 8
2971 5
5024 12
768 18
1884 44
10688 5
800 4
3238 22
2443 27
4789 7
685 74
10579 1
16133 1
11342 5
18120 1
11515 5
2732 29
1408 70
23313 1
6494 1
5444 21
4842 5
2261 23
24988 1
1777 16
1494 45
367 20
2332 26
10447 7
14838 1
9091 11
1793 12
5110 3
7697 12
2073 30
914 67
4436 13
14555 2
4334 8
6579 7
1974 5
2321 17
286 91
1466 65
22951 1
1104 32
10809 1
5177 14
16453 2
725 56
5758 3
1931 66
14410 1
10100 2
988 10
1274 68
1962 52
4503 4
20447 1
742 41
20192 1
206 1
3409 31
3634 6
25108 1
22967 1
4313 5
19287 2
2731 11
1514 66
7566 6
682 52
2746 14
1547 15
10488 3
15110 1
1161 56
403 65
5333 10
1473 44
4401 22
1793 39
8325 7
1515 32
1593 50
7877 1
2533 17
22625 1
534 48
257 104
3890 7
3825 1
128 4
27455 1
1681 1
1207 56
1524 72
13719 1
1074 49
2495 25
4921 23
21110 1
311 58
6239 1
8589 1
2422 30
2816 19
3695 5
28135 1
398 24
3647 24
19623 1
7211 1
2911 34
794 66
27946 1
23453 1
6812 1
1928 6
60 6
23 19
4783 10
145 104
2957 28
19943 1
10684 4
14344 1
432 27
13284 3
2004 23
250 22
2457 38
13754 1
4176 15
215 55
3476 13
7819 11
17282 3
17690 1
3083 11
7098 11
15138 2
13158 1
3044 7
13508 2
1331 76
1854 56
10773 5
25819 1
2776 1
4871 22
4939 14
2122 53
4440 18
2086 27
1294 68
10403 9
1665 19
1672 22
101 25
2182 49
774 76
204 61
2066 20
5967 9
912 18
2526 16
8173 1
8866 7
26488 1
1930 5
9820 1
28661 1
1023 65
227 2
21538 1
17 1
3100 9
6743 1
27863 1
4252 23
289 78
3770 28
21688 1
1808 25
1675 1
818 23
26144 1
1147 17
5710 19
1162 2
2175 35
1965 26
309 11
210 84
1819 3
1653 52
4904 3
3883 3
1726 1
15957 2
2237 1
2457 13
4787 15
5011 15
163 46
8145 1
2077 11
2123 20
250 93
1299 79
879 1
157 57
1105 74
1634 33
25445 1
180 130
6235 18
727 31
2651 8
13172 1
4570 16
4922 21
749 30
2830 18
364 4
6486 3
2555 6
16221 3
970 25
11616 6
451 81
14833 1
5841 8
15949 3
508 96
22238 1
446 15
4408 2
2861 1
12303 3
3829 3
12462 6
310 6
2819 18
10943 1
6567 5
1016 11
9244 10
3205 29
23347 1
4135 21
8275 3
2131 34
2023 25
2987 32
779 2
4950 1
459 81
421 35
729 84
301 103
2963 2
418 45
1567 14
2361 30
3816 1
12456 7
1524 63
859 43
569 11
534 95
79 1
3199 17
6015 1
363 72
22558 1
146 9
3772 24
5823 12
6093 14
10486 4
3924 5
398 20
297 16
180 6
2644 33
6923 1
13357 1
938 47
7830 2
16100 1
8733 1
12915 1
6878 1
973 1
433 1
5602 1
1677 48
615 72
1513 15
8558 11
9009 4
1846 65
2071 5
785 33
884 1
2057 51
1462 28
6691 7
4064 11
17586 1
11574 2
9372 6
28523 1
2261 23
458 97
1672 30
21527 1
397 5
17325 1
10880 3
1998 22
1191 47
26135 1
24898 1
2957 9
4509 21
29145 1
7520 10
1519 67
16553 3
4428 21
649 61
1606 22
21222 1
1320 73
4331 15
3691 30
194 45
8985 3
1138 43
694 18
28849 1
7306 1
135 55
1011 82
4831 1
12725 6
1879 20
20731 1
9785 6
1038 81
26206 1
82 2
2401 42
4155 12
5640 18
2158 39
138 32
590 49
7390 1
19454 1
255 10
24079 1
4028 1
631 41
1519 1
66 14
854 53
24523 1
3326 28
15169 4
1668 45
4103 11
5534 13
5013 7
5636 12
21680 1
22279 1
26637 1
3173 28
12707 6
26096 1
4483 2
1920 1
3243 32
4261 10
17609 2
8394 1
15064 4
6427 6
8968 1
17300 2
2985 8
19780 2
1033 48
1904 46
1823 36
3794 2
10389 1
2378 53
866 48
1970 37
5341 4
12984 1
2745 3
6232 14
1346 65
14129 2
816 23
8749 3
4208 2
764 50
21180 1
11014 1
20088 1
4237 3
10457 1
3127 11
11407 4
177 108
633 93
4716 13
4094 14
6233 2
8287 2
22903 1
2209 15
13381 1
2556 1
6987 11
8004 6
7601 8
3658 8
1814 17
793 80
8750 9
5536 10
224 1
19755 1
2519 23
2601 29
955 1
2751 10
5067 1
4399 10
6158 4
1119 16
1072 31
14451 2
432 61
7215 3
3453 1
33 18
1296 6
11802 1
10177 6
3466 9
16618 1
4887 1
20305 1
2293 34
142 5
2699 36
18950 1
19332 1
1763 28
13038 4
11421 1
4490 8
863 5
1551 33
1671 23
7598 1
16410 1
4966 14
3347 21
7699 12
6629 1
2978 23
1712 19
17381 2
8188 3
5772 1
15755 1
26676 1
25775 1
8567 10
12552 1
2021 49
29074 1
28161 1
27256 1
206 114
3772 22
22860 1
165 78
6203 10
17289 1
18825 2
4557 10
7936 13
11147 1
2146 27
2320 20
7978 5
1956 11
4121 10
5776 3
4207 1
12644 5
151 22
6794 16
13988 4
9278 5
2561 21
4388 9
223 36
8382 1
14346 1
10008 7
1723 50
2321 15
1836 19
2257 40
8391 1
7242 1
868 26
9900 5
1115 19
1887 23
18253 2
14855 4
1269 24
5398 6
162 143
13197 1
2563 45
6094 11
20433 1
390 81
1955 30
857 83
8009 4
667 63
735 73
528 29
535 1
1159 8
2506 40
5803 8
510 63
13459 1
4637 8
28737 1
4468 1
4348 10
17460 1
15122 1
22323 1
23274 1
9215 8
25773 1
10318 3
18830 1
605 78
673 17
3474 11
2300 21
13056 1
444 26
15980 4
738 19
1924 9
8248 6
8989 1
17187 1
15265 2
744 70
525 1
417 44
1947 19
1893 7
22098 1
2748 1
16019 1
4580 6
14168 3
16890 2
2494 27
18340 1
12261 4
11384 3
5901 17
2190 15
885 89
13295 3
3007 33
3812 1
462 1
6397 12
264 24
24050 1
6561 1
562 34
4408 1
9068 6
19771 1
16543 1
12037 2
23944 1
889 1
1373 55
251 17
2393 10
14352 1
12292 5
1924 20
1306 40
28957 1
376 75
4705 1
1955 63
1572 4
420 40
19812 1
11912 7
2618 17
1135 76
425 21
7768 1
12881 3
15666 1
13802 2
7331 14
5552 13
9640 4
4166 16
1544 16
21772 1
3166 28
4863 4
145 120
5530 11
4613 19
12673 4
1440 42
967 81
23006 1
6389 4
8538 11
17328 1
5498 19
1135 47
6545 2
1686 36
4508 9
15196 1
3294 12
3179 19
533 9
656 32
17297 2
5006 12
279 83
13823 1
19931 1
3388 22
329 90
15777 1
785 69
293 43
2408 6
2876 25
5905 3
1517 63
1006 65
10900 8
6508 1
2025 53
5055 3
16915 3
26775 1
4535 13
1960 5
1108 41
88 16
1549 12
2316 22
1882 4
496 23
807 84
1851 56
1726 55
2709 26
6715 6
14207 1
679 23
3029 36
9590 1
3943 20
9014 1
2973 15
2110 25
9081 1
5539 2
3600 10
5082 13
107 81
681 46
227 17
151 139
2674 39
1845 52
7164 2
1143 82
28157 1
5057 1
7303 1
10293 9
198 15
23382 1
23438 1
12030 7
3991 6
915 71
1644 32
1253 67
2223 47
1418 47
173 62
1231 42
398 27
1757 1
16006 3
10131 1
6250 1
41 28
292 88
12276 2
8853 1
1404 73
1551 1
1094 80
17994 1
6313 13
937 1
9038 9
22408 1
8687 1
2380 44
4696 1
10890 1
29176 1
2620 29
1383 75
21838 1
193 52
1585 22
8243 1
846 64
7065 4
29177 1
7857 5
14225 4
3982 13
7120 12
28146 1
7269 1
1833 27
13379 1
14113 1
7697 3
3131 12
18943 1
843 1
3597 11
5300 2
12235 4
3687 1
2390 24
16375 1
933 38
250 25
548 58
17137 1
1295 42
1739 5
4638 1
25154 1
2848 24
1636 24
12632 1
3261 23
5306 1
7861 1
4003 4
1448 18
106 49
1184 69
14764 4
18277 2
2244 9
945 67
1864 57
720 68
919 1
1259 13
29350 1
216 50
2166 1
7311 13
1682 28
11292 3
252 41
6418 15
3805 21
1891 28
10733 6
6065 14
14361 4
874 82
396 67
4285 3
9340 5
2600 20
9636 6
9883 1
5093 20
17950 3
349 13
24684 1
9545 3
6501 5
835 55
28847 1
21894 1
929 25
20945 2
302 27
5850 2
250 1
375 63
27958 1
5169 10
14453 1
9963 3
25737 1
143 42
492 64
1595 5
6959 2
1650 59
3759 1
2462 31
222 77
22844 1
8388 1
22492 1
3528 7
4124 21
595 81
5260 1
1167 67
1566 51
3376 25
5069 21
84 69
464 2
2042 48
249 3
5805 12
12649 3
1184 70
18142 2
1485 66
8696 9
18698 1
220 1
1946 64
2089 47
1904 46
11624 2
1743 58
1378 5
4388 9
3246 29
13680 1
12154 1
5619 20
1863 1
1454 69
9644 10
7308 1
7287 1
1777 43
1026 4
2486 4
9554 1
9821 6
29025 1
859 4
11109 3
159 75
5202 22
2579 29
26134 1
1143 19
5908 1
2857 26
5634 1
15133 2
7123 10
1344 28
13392 5
19144 2
11662 2
2058 2
1512 55
9052 7
15924 1
3802 27
440 69
22330 1
3349 18
5209 19
2918 20
16653 1
684 68
3379 18
7613 12
3768 16
6569 7
16628 1
1920 53
999 47
1666 54
1775 1
15776 2
17707 1
15592 3
14439 1
2660 41
19177 1
18290 1
6680 3
25432 1
5517 1
320 77
20768 1
964 10
1255 76
510 37
15565 1
9336 1
10583 4
12701 1
1425 8
6170 13
14909 1
1047 35
5124 10
4291 1
4455 1
1494 68
7068 9
1711 70
11196 1
27878 1
617 47
11393 1
2888 20
12882 1
596 51
28775 1
755 22
1038 69
1699 47
1315 78
1674 55
2405 16
17069 2
2254 52
285 21
11412 4
1246 1
366 83
220 112
25495 1
14260 1
157 129
358 21
569 74
1081 77
192 88
531 65
8808 1
26508 1
9789 2
4465 24
19063 2
4691 10
11685 1
7328 15
8390 6
776 67
1999 14
3114 33
10393 7
5004 7
2928 4
1472 3
20752 1
6156 1
2104 34
418 83
2664 23
10752 6
804 48
5263 5
27523 1
19856 2
3400 1
117 36
8058 2
6363 1
27370 1
4812 8
909 10
4484 12
25562 1
1485 7
10031 9
1218 1
10468 9
323 88
3720 2
14742 1
3356 20
2288 31
183 96
2272 8
2556 24
3480 27
5517 5
2193 15
721 62
11215 3
2538 1
4092 18
28387 1
7176 1
26857 1
7568 4
27698 1
14850 3
28993 1
2548 22
17129 1
20366 2
17735 1
28842 1
6690 7
14445 3
737 30
11670 1
6910 1
25388 1
3717 2
9486 1
372 80
27974 1
13229 1
6248 1
716 75
7864 12
26213 1
157 145
1464 53
28776 1
95 59
1136 7
164 130
3825 16
834 9
1203 51
165 60
20928 1
12687 6
12859 1
28202 1
17246 1
4816 20
1519 48
762 32
736 89
10943 8
22122 1
23991 1
8099 1
2662 24
10495 1
186 96
6118 1
28750 1
1267 9
2123 1
16791 2
99 39
16385 1
12718 1
4494 5
13850 1
675 63
2315 42
111 111
1005 5
3271 21
2786 1
10399 4
5586 4
1511 73
3406 23
10843 7
21625 1
13665 4
19814 2
5727 1
1899 8
20805 1
390 26
26406 1
7809 5
9235 5
24367 1
11720 5
4188 20
5470 14
72 70
766 67
6020 11
2139 1
9440 2
3305 1
6172 16
2561 35
2472 46
1115 44
1889 53
119 62
1766 21
3809 1
1254 47
8354 1
20361 1
1026 1
247 5
1989 4
9443 1
1185 27
153 18
228 53
544 86
19142 1
6868 2
24525 1
6359 1
1374 77
890 59
8619 2
4923 16
4829 1
8192 3
2379 40
452 9
5095 21
3736 14
5306 1
2571 21
4551 1
1060 4
12045 7
24276 1
24145 1
1492 16
1918 45
3762 3
976 42
157 36
22102 1
807 1
17385 1
684 92
1868 41
3054 1
23818 1
2026 19
9367 4
322 59
26786 1
9113 10
4017 22
15449 1
5184 18
12859 1
1974 18
4701 4
28103 1
9955 1
5631 3
1734 38
1026 30
6290 4
303 101
12119 7
10611 1
100 2
3732 6
10461 1
3890 27
7703 12
20137 2
17361 1
11527 4
18491 1
6992 10
23556 1
6090 18
1791 63
25964 1
1991 46
2320 43
9200 2
15666 1
1727 1
3169 21
10448 1
5959 16
1694 18
12201 1
164 132
24353 1
2476 49
1680 56
4488 1
8772 6
2408 1
1415 41
7574 2
2706 40
5828 13
3726 17
8854 4
2312 45
13966 1
886 66
3466 7
17571 1
6246 1
6229 1
5993 19
1782 47
19825 1
1053 80
6337 1
473 87
35 17
17795 1
153 5
4928 12
2316 20
3869 14
4788 24
11149 4
6776 16
18560 2
8327 13
329 74
20483 1
25671 1
7959 5
9267 1
1543 47
8098 2
10040 4
1246 14
128 90
1090 79
796 68
1779 65
2782 1
3723 16
8017 8
3236 24
4461 25
16320 2
330 32
260 42
2342 54
3083 3
1808 27
11624 6
21954 1
3383 11
395 48
1019 74
1543 61
140 111
4306 1
2660 1
2427 51
5468 15
3840 1
5917 16
20259 1
12078 2
6467 16
351 33
23381 1
4258 7
1726 1
591 24
8605 1
11785 3
10420 1
8693 2
1006 38
16280 1
16490 1
1736 62
5057 11
1699 23
2308 56
10129 7
2013 18
7706 1
7339 1
834 70
9647 1
2350 32
10859 1
1346 48
1723 28
28328 1
534 1
1028 67
2648 6
8380 7
12925 3
13994 1
1518 28
6306 4
11150 2
25751 1
2525 26
4401 24
4763 15
746 6
2728 30
21869 1
2769 1
292 84
28719 1
6819 16
206 25
1684 43
20091 1
7599 14
5559 12
4404 1
20747 1
13769 1
92 8
1416 31
7601 10
3369 13
18726 2
393 92
1085 30
13507 5
8419 5
959 75
230 1
12235 2
1791 24
267 102
6577 9
713 23
2156 49
1249 77
4511 2
100 77
841 75
3934 12
975 77
2658 38
5217 11
213 102
1845 64
3180 17
1509 8
15196 1
22678 1
28916 1
6005 6
6084 1
2208 33
471 75
14157 1
1248 67
157 109
28292 1
5942 9
11856 3
178 86
21343 1
2454 50
6727 14
6506 7
746 59
5039 13
3709 7
17788 3
5244 11
15652 3
941 11
9473 1
3418 21
15670 1
330 21
261 42
13941 5
3464 8
181 134
490 1
9318 10
14999 2
1388 56
196 29
3354 13
8893 10
1622 15
21986 1
5388 18
16372 1
12409 4
205 45
8387 7
849 57
3695 2
569 76
3640 24
27140 1
22892 1
5073 1
1556 10
2916 26
14668 1
935 35
1500 49
11852 4
5942 4
2421 7
4871 23
4746 23
621 26
3685 1
6398 1
7895 1
7845 12
900 60
763 85
1899 35
3625 7
4895 1
8504 1
2343 24
22861 1
1694 59
27723 1
18682 1
22653 1
1901 1
5251 2
7092 14
15998 2
3657 23
5024 2
3226 17
256 18
1491 33
8939 6
3159 18
2537 45
3220 27
985 35
226 6
7372 2
17457 2
7671 1
4261 5
8635 1
340 39
4252 7
1012 1
1693 13
9411 8
28207 1
2765 14
4243 5
153 86
10106 5
11040 1
1135 30
2927 2
9691 1
102 72
12603 1
18506 1
749 61
3838 14
3061 25
8433 12
1169 47
14369 1
2572 24
1422 4
89 51
3940 19
1901 38
8066 1
15305 3
8898 1
321 35
6294 1
16330 1
2025 4
14218 1
18316 1
12329 5
758 35
3864 1
10765 5
3451 21
1392 1
2838 17
25923 1
3138 24
9955 1
2724 3
8802 2
2702 20
7509 9
5481 1
8672 8
12177 1
1660 24
416 94
23556 1
781 34
2638 5
21034 2
27205 1
16559 1
1125 14
6046 16
1274 1
20974 1
529 9
4334 26
2492 39
847 82
9675 1
6284 11
213 31
1915 58
13951 1
2017 4
2385 52
9375 8
5204 7
10971 7
12729 4
1277 25
12750 1
192 98
631 8
27486 1
20996 1
26073 1
1101 35
1563 32
297 18
849 37
6284 10
17861 1
3246 12
3858 1
1034 84
16726 1
5576 8
10460 8
9857 1
3120 4
9314 4
733 51
1155 51
9816 2
1041 11
1916 5
16484 2
4147 1
1488 66
2689 1
9091 1
6327 8
5653 10
2853 20
2283 37
11949 1
5883 4
1632 45
844 83
1368 69
3138 5
1930 14
516 94
4108 21
7723 1
8688 1
2267 28
9324 1
21646 1
2121 21
2026 19
1756 14
1206 17
5812 10
5082 19
1118 25
4768 24
2141 56
14401 1
2814 25
3008 29
1168 48
920 88
82 11
992 54
823 2
13267 1
4185 15
20053 1
162 42
2739 37
4066 21
263 100
6350 7
9182 1
9298 6
10163 1
12737 4
1683 1
5902 4
17424 1
1920 53
13383 1
3588 8
1483 52
1584 23
23902 1
20587 1
1202 44
10205 1
4607 2
666 42
7520 9
28781 1
14161 5
4760 1
9555 4
5107 10
1131 47
20971 1
6392 1
11374 5
27269 1
893 69
10078 2
7702 7
2965 7
852 76
1993 42
578 54
1763 51
1612 18
1924 10
8226 9
7821 10
5096 9
15077 1
4826 8
9113 1
14231 5
20 6
1365 46
6743 1
1312 72
1047 77
1962 35
1297 72
917 1
11793 4
17264 1
22458 1
1802 59
4420 1
2046 47
18055 1
556 87
252 95
4523 3
7072 8
2144 56
1778 40
17340 1
91 16
262 45
1511 42
11907 1
2239 16
4625 1
2510 1
11716 5
2911 23
10004 3
3755 1
7057 16
25450 1
790 57
4845 10
961 20
22852 1
9752 1
29321 1
901 52
17763 2
2500 37
1164 61
561 26
4232 5
7086 13
3188 26
22176 1
7864 3
1578 63
17443 1
1184 1
1571 23
8645 9
677 62
771 23
27665 1
784 17
2848 1
458 71
1733 59
20470 1
1078 30
1892 49
1840 45
1628 62
599 24
5293 4
1475 68
14322 1
2337 38
9613 9
1798 6
839 53
658 57
14963 4
147 101
20822 1
596 94
801 39
5779 19
2919 5
7974 6
906 51
7087 10
18495 1
629 20
9430 1
99 70
9970 2
25487 1
774 70
2892 3
12898 5
23618 1
3897 1
2112 37
24551 1
10147 1
4250 18
1732 1
5490 14
6249 15
2375 9
28869 1
4265 21
22302 1
7794 1
372 44
10508 1
2568 35
5436 1
3111 16
12163 2
21368 1
5520 1
2926 34
168 85
10785 1
21137 2
2552 17
18531 2
26945 1
7398 4
2537 24
10471 2
13730 4
3533 13
9301 5
87 13
692 22
1190 68
1646 70
274 68
12461 1
5209 5
13519 3
4460 18
4402 10
18536 1
21647 1
5601 12
4614 1
6603 9
4316 22
11238 2
12872 6
361 51
10454 3
4761 19
16145 3
3050 22
6923 5
5699 1
9812 6
8755 7
2240 35
11528 2
15506 1
7846 12
25516 1
5659 10
3760 9
2048 24
10859 5
6496 3
3644 1
1583 3
1715 1
1778 15
27933 1
16131 1
8431 4
2872 11
10401 1
2852 19
848 25
2611 30
1139 52
5623 1
449 1
29200 1
8359 9
19449 1
131 120
21751 1
3436 1
4392 22
17321 1
667 82
6022 1
20387 1
13821 1
1250 50
2119 58
1670 21
13776 1
15298 1
209 94
6729 15
3687 5
935 56
136 14
11997 3
12596 4
7764 7
2193 43
14724 1
6733 3
12029 7
219 109
2601 38
9422 5
18388 1
28926 1
7535 13
991 71
15687 1
2990 30
273 68
17593 1
20212 1
2996 30
1394 41
19941 1
2614 15
15042 3
927 68
3183 16
1847 12
1576 47
26899 1
3406 24
1569 3
20741 1
7102 4
2384 2
10823 1
18741 1
2574 35
2084 4
4889 16
877 12
645 56
8345 2
23693 1
9183 11
934 8
6757 11
248 40
1791 52
1010 1
1964 12
10595 5
12738 3
5773 13
2177 20
1484 25
3572 6
6258 3
9041 1
1212 64
823 21
4013 19
3785 1
3682 17
13963 1
227 21
1322 7
279 7
1355 48
1680 31
786 40
10516 1
596 28
806 4
2666 1
19844 1
3901 27
1414 50
491 35
3001 21
3518 10
1571 28
476 21
55 11
21851 1
5149 1
18786 1
2150 33
3389 1
22078 1
1708 25
969 1
1572 12
12666 1
5572 11
5634 8
9684 6
12130 6
879 83
1157 62
13897 2
1141 29
28870 1
3977 14
8517 11
8765 10
7413 11
5352 18
6294 8
8037 4
18173 1
10148 3
753 79
1864 8
9142 1
7419 3
1238 59
7832 2
19109 1
6602 1
3678 21
1122 70
1372 52
3616 9
958 84
11628 3
2911 3
2683 31
25942 1
8826 1
6593 15
1092 71
2647 38
1443 8
996 35
2573 22
17860 1
11011 1
932 16
28923 1
3462 22
10335 2
1218 28
1311 66
7738 9
11739 2
19955 1
1236 3
4640 24
1153 79
5887 12
1361 20
635 7
3382 1
12943 1
16392 2
3615 18
9492 3
370 97
2281 17
680 49
1415 28
16721 1
7282 1
23140 1
26613 1
6726 3
1308 22
472 93
3240 16
2036 1
3272 19
18522 1
442 11
1517 2
5699 16
8757 2
7762 3
18687 1
1652 53
2422 49
3580 16
12111 7
4189 20
1572 17
7175 14
15302 1
6400 1
8328 1
422 9
4633 13
12716 1
114 27
2179 1
154 40
1723 17
812 8
8741 10
4937 7
807 35
11547 1
993 1
792 21
746 24
17090 1
15404 1
2389 33
1495 70
4151 5
283 16
407 81
4786 23
4414 1
744 25
27946 1
2064 38
643 18
8321 10
166 86
1087 8
1869 1
3459 20
211 111
315 90
822 73
10743 1
276 51
872 53
3612 7
10833 1
5477 7
5746 11
11904 1
2359 12
4723 1
8801 7
2512 39
16083 1
999 67
8355 5
82 39
8138 12
3831 10
347 53
25867 1
13512 2
2969 33
6542 3
8121 3
98 1
10638 7
524 16
2702 37
18741 1
27440 1
4645 9
24346 1
14475 1
19973 1
3517 29
13395 5
834 59
6172 1
5510 15
422 43
4564 15
13888 1
2643 43
4539 13
22250 1
4165 12
2253 2
14157 1
10458 8
885 54
13917 1
9342 2
4498 1
19759 1
7174 4
1846 52
5034 8
23599 1
632 24
29395 1
303 47
2304 33
13089 1
14857 1
1212 58
5416 4
13047 4
2774 34
500 59
8339 2
16389 1
151 36
4128 26
20806 1
3500 1
2943 5
10560 5
9554 9
3339 1
22525 1
20124 1
2025 19
3922 11
7658 3
6743 10
4292 15
22379 1
1093 18
3279 10
8380 11
12995 6
20287 1
1639 9
16296 2
2390 32
5142 15
421 4
12643 1
208 40
1805 52
1355 30
19588 1
464 66
10774 3
6508 4
14574 1
23584 1
18156 2
11595 4
308 45
1116 27
1636 59
14468 2
4995 10
266 6
16842 3
3296 1
1301 1
1229 1
829 24
12087 4
3398 22
411 9
6764 1
27757 1
3124 11
19274 2
206 91
2699 24
111 54
5575 7
2633 13
274 14
5389 9
2261 1
6752 2
2433 9
606 88
9561 6
74 46
24039 1
3298 18
6430 11
6598 1
2802 1
6640 1
25525 1
907 27
5547 3
5402 3
29249 1
4045 1
2677 35
1282 13
835 9
5377 20
4399 13
3399 11
3066 14
13620 4
13744 1
16366 1
90 90
484 90
10222 1
28348 1
9394 1
863 73
2207 1
724 1
5265 11
1646 60
1764 56
17439 1
3516 7
539 22
295 19
4910 1
8701 8
9400 8
8051 5
1248 58
8002 1
639 78
2297 49
2325 23
15830 1
691 41
5733 11
3221 28
27874 1
811 86
212 77
2581 1
2371 30
1109 69
512 63
356 30
4922 5
10411 5
268 31
663 16
5188 3
2147 53
6395 11
307 3
6670 16
10279 7
14 5
2054 52
2084 43
8264 6
767 88
6467 17
6425 7
291 28
2790 11
1742 21
684 59
24545 1
814 7
4874 4
1713 35
4666 8
1702 51
6193 2
18364 1
27356 1
5050 11
23997 1
2732 23
4218 14
19584 2
240 82
2344 32
41 6
1841 9
1913 60
25104 1
2055 18
7394 13
787 7
6666 2
424 75
5654 20
17987 1
12759 1
2036 51
1408 35
19541 1
12064 1
26695 1
15624 1
6170 6
2178 7
97 6
221 80
24567 1
5307 8
240 76
330 3
127 96
1355 75
8005 1
2029 34
24 1
138 95
4982 3
822 17
21969 1
22645 1
19687 1
3425 31
1750 65
923 21
16793 3
12928 1
2707 18
6845 3
4435 11
2326 30
14971 1
543 64
236 68
27759 1
6004 14
5017 20
5804 16
5671 20
115 19
6438 5
744 42
26685 1
6504 12
4637 11
522 66
8303 10
12126 1
2243 1
28658 1
8312 3
35 34
10743 1
19615 1
7161 3
10893 7
1613 56
712 1
938 79
4127 22
1617 60
289 18
775 8
5967 18
10334 8
354 19
1808 57
1633 61
2172 3
8741 4
475 56
27790 1
7269 12
319 15
1405 25
26054 1
1815 12
648 84
823 28
1141 73
255 25
972 43
23435 1
1941 2
4870 9
20474 1
11775 1
4356 4
4503 2
7614 6
3860 11
8442 1
11997 1
27505 1
7025 1
16583 1
21637 1
5484 11
835 63
596 68
2696 3
1410 64
11443 6
13282 2
1420 1
4118 25
6534 17
3314 1
6707 1
22935 1
4698 20
2525 10
599 34
1339 10
5607 17
1855 48
2049 10
915 29
729 30
804 65
2785 35
802 58
9247 2
26603 1
3206 26
7953 1
13614 2
317 73
1492 34
1327 57
619 86
14449 1
17472 1
1303 36
2645 1
7871 11
914 54
130 105
1048 21
1467 41
2904 4
13515 1
21714 1
8726 2
12035 1
12957 6
9551 8
20186 1
19434 1
2080 1
169 53
3105 2
3304 18
26836 1
3055 5
4455 22
23756 1
1471 3
2895 8
2130 59
2790 3
8810 1
21684 1
10268 1
17469 1
800 89
17381 2
1925 45
1190 71
12548 4
5650 18
1594 20
11844 1
7008 9
1584 8
5737 3
14660 2
964 73
6073 7
127 41
1250 26
4285 12
83 79
19778 1
212 54
20480 1
14314 5
28528 1
24402 1
5544 7
11635 1
8470 5
1943 16
1840 9
13415 1
13830 3
9200 9
5236 1
9710 10
3104 4
977 24
138 136
801 68
18302 1
2372 4
2104 4
2620 2
2162 1
14919 1
1294 27
18351 2
3121 2
9808 4
1675 16
8410 3
20124 1
136 112
1464 14
15914 1
19203 1
1502 19
1567 54
3627 30
2424 35
23274 1
6833 1
2528 38
9790 3
807 58
214 70
165 38
19446 1
506 19
15587 1
2720 28
2362 43
1265 6
409 99
425 47
4827 6
19971 1
25153 1
3554 31
5978 3
3608 6
346 28
11728 1
12730 3
12585 1
2740 20
7435 7
2576 12
1568 8
5135 18
489 1
2588 5
18386 1
17737 1
8548 6
1412 1
17307 1
1824 52
2787 18
1094 68
14904 4
9156 1
2596 21
1533 1
12622 2
7854 9
9309 2
3794 15
3182 34
1458 59
1681 34
718 62
25431 1
4624 1
21937 1
11846 1
1279 18
1806 5
733 43
269 22
14416 4
5191 9
3164 9
146 101
702 20
1257 6
8525 1
864 25
14852 3
12932 1
2866 1
5698 1
8976 2
21756 1
125 92
1323 77
9949 7
8860 1
5346 1
2433 3
2003 2
9800 2
4540 15
6464 3
26909 1
7218 12
3926 7
19707 1
137 117
2762 1
24978 1
5980 15
530 49
18137 1
1984 15
1009 30
5220 20
5528 11
3830 28
9315 1
10377 3
894 8
628 65
181 51
151 111
5340 1
598 1
2733 21
16395 1
1026 74
11583 4
1223 38
8465 3
19400 1
1886 32
7423 11
1729 36
561 12
3404 16
925 4
15773 4
698 66
1586 37
4109 18
18856 2
7997 6
1493 63
20454 1
927 82
18771 1
920 36
2577 38
27642 1
3022 33
22457 1
1089 58
808 20
4413 6
13296 2
484 57
16143 1
6463 1
222 85
3186 22
3314 21
21568 1
6539 5
733 63
2269 13
5397 9
9055 11
626 77
1025 79
17202 3
19489 1
14757 1
5385 18
76 11
2007 34
14928 3
3067 12
12220 1
2565 47
603 41
546 96
5255 1
420 78
750 83
8376 9
4063 10
4511 7
10868 2
21224 1
1553 55
14804 1
1534 32
1494 18
13289 1
22306 1
277 79
3645 21
2008 46
2051 19
2219 8
5261 5
26694 1
5389 13
2022 53
7030 6
7950 8
17588 3
5901 1
16496 1
1366 69
2295 11
28784 1
6462 9
24497 1
6521 1
2615 25
5918 1
8895 1
16744 2
2392 2
6374 17
7995 1
7716 2
6106 1
13133 5
21009 1
8484 7
11540 4
99 82
12324 2
17095 2
1406 74
1093 11
2035 7
14228 4
7553 10
3221 1
14674 1
21815 1
5923 14
11733 1
29208 1
16826 1
189 8
1768 35
3230 20
12290 1
3192 12
15243 1
11011 1
17007 1
12558 5
26430 1
2250 22
16496 3
1931 6
819 80
2590 35
20811 1
26692 1
2430 47
8690 6
1148 1
11951 5
3523 26
1385 29
3630 25
4175 26
973 63
291 42
24735 1
2459 3
3785 28
16280 1
973 3
1222 26
222 1
2094 49
1526 32
7898 4
4931 11
20009 1
20089 1
18541 1
18576 1
566 55
9262 2
5990 1
2043 31
956 63
7409 2
12574 1
3502 1
1986 1
7206 7
2185 5
4632 6
2503 34
2479 7
432 79
2480 39
5068 15
4155 22
2105 48
2650 18
9688 1
484 71
3300 16
3829 11
13474 1
26601 1
7868 11
7277 11
6550 11
1009 24
7255 12
2395 54
3120 16
739 68
3163 35
13914 1
28867 1
1860 32
1539 9
6327 1
1807 52
25386 1
6713 4
10360 8
26826 1
5249 1
1834 39
220 93
23384 1
6631 1
2809 1
21991 1
2891 35
10294 1
5414 8
177 53
13116 1
5714 1
24670 1
493 20
16638 1
14942 1
16821 1
11139 1
16461 1
18140 1
3831 29
2957 16
15701 3
2031 15
5287 5
23835 1
6499 15
23277 1
13507 1
13566 1
26491 1
7164 8
1057 32
9891 5
978 59
21170 1
3358 7
184 103
2582 27
2606 3
17501 1
1520 3
2358 37
9134 5
26329 1
5419 13
9050 2
17566 1
1680 22
4098 3
1724 1
1421 46
1012 25
6724 11
19650 1
6212 4
1797 47
2866 35
8379 1
1475 53
681 69
3209 34
1109 11
3880 18
322 86
2036 43
2056 57
2045 52
2474 39
384 99
10342 2
829 10
4993 11
18356 1
211 41
4905 18
17245 3
25023 1
3036 8
17664 1
24603 1
5409 6
3112 1
6099 1
3033 23
16108 1
22869 1
3244 5
8875 11
28868 1
6924 4
25766 1
370 98
11977 1
3306 32
7417 10
16971 1
6088 1
1874 27
19969 1
2595 38
16955 1
4329 22
1549 22
196 93
503 64
7820 5
803 18
1202 30
339 36
7995 7
3949 18
2420 22
1882 12
17562 1
3939 20
7931 1
12358 1
2256 1
21020 1
8845 1
708 86
1066 21
1304 44
92 64
322 90
5936 7
2431 32
8114 1
2586 1
18148 1
1692 60
233 25
6745 9
1224 6
3311 20
18172 1
5865 19
818 6
13872 1
1282 5
19234 1
3512 7
9347 1
113 55
4391 16
7780 10
7603 1
1686 33
3318 1
2447 1
4206 4
361 47
325 6
4658 7
8411 5
9626 5
1210 25
3321 21
9318 8
13084 5
27357 1
1675 15
10600 4
20872 2
1197 21
2968 23
2253 23
511 13
2684 41
9571 6
1051 63
2444 41
23059 1
12783 1
726 7
11687 1
7071 2
1513 68
23595 1
1270 69
968 5
8472 5
11574 1
705 73
7708 13
6461 7
11278 1
4417 16
7510 5
5672 20
1075 24
22390 1
16482 1
1249 15
160 137
15649 2
2696 8
3635 1
458 79
29092 1
5718 8
1243 15
4129 25
2495 31
3900 16
5615 14
18176 1
1762 39
452 52
1016 85
561 87
13860 1
1291 2
26442 1
3090 17
1996 18
7475 1
7312 10
834 55
16785 3
3918 2
1642 16
20344 1
1706 4
14446 5
9543 3
16252 1
19228 1
182 1
1490 3
5116 9
2065 35
19691 2
912 31
18326 2
13408 1
15776 4
23644 1
23474 1
9298 10
1260 71
17655 1
11280 4
10509 9
1084 81
12029 1
1121 3
3325 22
748 19
4362 17
11661 5
9082 1
5703 1
4356 1
2078 26
3281 26
7954 10
2950 1
4039 18
6366 18
1310 27
7455 11
17964 2
565 61
237 77
3231 22
321 22
4785 21
3453 15
9294 2
763 72
4427 1
1898 60
2436 33
16217 2
2846 17
870 9
7094 5
5281 21
21343 1
23175 1
1039 21
9486 1
3432 1
9556 7
1313 47
131 4
3430 19
241 32
28141 1
6283 2
643 11
525 40
10887 1
10037 1
1054 29
3442 3
1561 36
27240 1
17666 3
1815 51
21424 1
27740 1
9931 8
992 53
22826 1
16683 1
976 70
22456 1
15250 2
7293 2
18102 2
825 1
25942 1
1089 62
2557 3
3104 29
4752 8
1979 40
2192 24
591 36
519 17
94 12
168 56
1731 45
6674 6
279 25
1595 49
1227 17
4306 17
1785 48
6854 14
10513 1
5872 6
16006 1
758 34
9465 6
2415 7
7002 10
13466 3
252 74
28180 1
22516 1
28124 1
9620 2
636 75
5378 18
1028 30
2038 56
9847 1
1732 1
519 87
1566 40
3166 21
9150 5
850 70
2627 28
200 41
27955 1
629 92
13797 3
8283 1
12414 5
15147 1
6764 4
7867 7
22113 1
2727 36
3802 7
29377 1
2208 8
6167 4
1622 34
5512 6
2546 9
3556 18
13002 1
8545 3
2052 11
17538 1
5270 10
911 31
1731 33
1323 39
24365 1
4296 1
18959 1
2437 9
601 78
25520 1
23428 1
805 20
4546 1
4837 1
11646 2
1956 10
18670 1
2104 60
1507 14
6398 7
5974 3
5057 20
9351 3
18801 1
16209 1
6498 15
3765 25
6579 3
16302 1
709 1
5877 4
2895 28
1208 26
7546 1
7873 1
6374 5
611 78
7123 4
915 73
1169 65
3366 6
1285 54
1838 68
1905 1
26961 1
1749 1
25276 1
17155 1
3897 1
580 85
26219 1
5526 8
6691 2
5662 1
3009 36
11889 1
387 13
4207 24
12647 2
8032 1
22034 1
10933 3
14533 3
2290 7
10442 3
5890 11
1681 1
3382 11
7523 3
22056 1
9996 4
190 121
768 56
25566 1
18118 1
7185 12
3392 13
360 13
19528 1
2580 45
66 43
24799 1
27859 1
200 65
3095 1
1537 25
9479 4
3320 14
17637 2
538 67
21442 1
7568 12
3283 30
7395 3
753 21
830 82
8257 3
785 61
6021 11
7413 8
2504 31
1603 20
1373 63
1493 9
2147 53
198 50
19939 1
588 71
7206 5
18914 1
6602 1
1177 23
7056 10
4665 18
14364 1
2967 21
5493 21
19852 1
1224 4
10652 3
134 94
470 7
23550 1
2006 65
1300 45
6249 14
1599 13
20282 1
6536 7
2817 30
6519 2
7144 1
1685 35
13525 1
1122 24
243 61
8324 4
4286 9
15934 3
4911 12
2606 14
636 24
1213 56
4113 2
17854 1
15095 1
633 22
1340 27
7474 1
12946 1
3278 20
26743 1
1219 29
27236 1
13206 3
170 25
2752 23
23212 1
191 70
7654 1
29200 1
1264 4
4351 23
9775 1
4482 20
2430 21
13603 4
325 49
605 21
890 44
1950 18
6973 11
574 21
930 58
10587 8
463 54
26863 1
5853 1
5586 2
5736 6
2539 8
6051 6
21981 1
15448 1
9565 1
11265 1
7206 12
28268 1
6148 1
20528 1
24094 1
10884 2
4019 12
14094 4
4315 1
11828 6
1568 40
2009 63
20888 1
19502 1
11949 5
1966 23
1699 54
1716 57
5317 20
6879 7
5176 1
2324 19
6278 3
893 1
4349 3
1701 46
9889 5
3070 7
1356 38
26908 1
1988 32
3479 11
3313 1
6507 15
9539 1
3423 13
4941 18
21482 1
6052 6
6709 5
23384 1
688 37
4435 2
8645 6
13666 4
2848 32
14463 1
13354 1
11456 1
14142 1
18930 1
22949 1
1100 53
3154 31
5629 8
4718 1
1058 84
6339 6
15463 3
4081 8
14223 4
23051 1
2903 1
20124 2
1535 35
756 35
270 27
2089 33
346 52
8226 3
12896 1
28981 1
20565 2
3468 25
27477 1
2884 7
22080 1
18612 1
12317 1
1075 40
26240 1
14215 1
5088 7
8458 8
27657 1
5591 2
5136 7
1321 61
10823 1
13297 1
57 22
1821 62
5160 9
1705 1
3247 17
14831 2
655 86
4240 13
4705 6
4063 25
27281 1
2322 30
1390 76
22706 1
9007 1
2889 14
4194 4
11540 6
5935 1
7210 15
16355 1
4335 1
6573 8
718 89
1842 41
384 17
12866 3
15039 4
2972 36
1884 33
4318 25
19798 1
1882 45
21976 1
1070 11
9305 1
2290 33
623 28
5442 8
7973 1
7787 9
2790 22
1122 31
1976 7
1178 1
1108 51
1688 1
838 67
5300 10
1756 16
1583 63
1596 1
1503 4
359 18
3253 14
21879 1
18705 2
754 12
14348 5
21926 1
5879 2
1939 44
106 104
3805 18
2319 13
6089 13
17111 1
10020 1
8160 7
9646 6
3161 27
11586 1
8558 8
1999 11
1793 29
16446 1
1749 61
8097 7
1900 29
9558 1
2986 1
21666 1
9519 6
737 73
2203 38
1488 58
813 64
21933 1
575 31
2441 38
4815 5
775 65
1960 46
932 35
10607 8
38 18
6782 1
7401 1
13611 3
16209 1
4745 1
24722 1
12646 1
7546 2
23208 1
16019 1
2770 40
26935 1
1484 1
7566 2
1699 30
9406 3
1840 1
4478 9
1260 1
27430 1
2236 1
15963 3
1333 17
948 22
5603 17
5108 1
23390 1
818 54
1638 45
14147 2
575 53
144 94
1623 30
3025 19
19875 1
760 16
2287 16
1015 74
5820 6
13176 1
13902 2
6202 15
1298 27
10371 7
694 1
3254 33
5788 1
9206 1
2246 57
9390 3
6713 16
6288 4
4326 1
3306 1
13757 1
954 27
4534 6
3358 31
1017 47
3939 18
7304 10
444 24
6870 5
109 90
15457 4
3912 29
27737 1
4518 1
9027 10
1581 1
1489 15
3053 1
5922 1
1889 22
28255 1
22226 1
11577 1
5711 12
1576 10
2482 1
1674 55
1525 6
247 87
15643 1
4389 1
5961 1
233 24
554 64
1161 61
460 93
9325 2
1870 68
3157 27
3717 5
8395 12
10375 1
6117 11
3845 11
7002 1
2252 54
54 188
23 116
76 151
102 123
1 22
37 112
45 129
9 222
134 138
19 158
39 69
36 151
48 169
33 34
51 92
1 159
17 104
8 159
105 110
3 165
74 108
109 112
18 40
90 157
103 108
39 185
13 173
32 106
36 105
80 100
13 200
2 44
68 98
34 37
76 145
9 65
66 113
53 117
3 153
116 120
115 138
10 43
31 48
1 447
24 44
4 303
23 63
71 152
133 156
87 87
35 99
70 101
57 98
25 78
5 183
34 184
3 43
34 193
8 260
86 114
1 357
49 111
12 84
9 78
48 160
2 149
21 171
66 83
39 106
56 104
5 122
3 160
36 186
5 98
105 131
25 153
1 310
46 144
108 127
36 189
65 143
18 51
62 83
39 138
115 146
37 188
46 114
43 100
102 141
110 145
92 136
66 90
56 87
111 158
35 123
88 154
16 73
21 118
4 57
29 125
3 263
31 54
6 341
11 95
54 117
73 132
34 168
38 164
7 83
36 155
6 348
4 252
37 136
103 121
5 86
36 148
94 135
5 13
93 105
33 181
33 38
143 153
6 276
1 309
22 152
1 3
2 121
7 274
34 48
4 361
1 150
111 133
23 28
20 90
4 185
11 53
3 172
56 138
76 142
7 243
61 119
132 154
116 119
89 164
3 207
25 162
17 201
34 200
82 159
1 153
1 169
95 115
53 93
36 95
31 54
36 191
12 255
26 170
21 124
108 128
2 183
23 94
120 120
10 263
21 83
3 328
1 101
99 116
92 163
46 47
105 151
11 213
16 47
5 25
70 83
16 140
8 179
23 27
54 92
51 165
7 374
123 147
11 29
24 150
20 131
69 168
1 119
102 129
1 255
102 133
21 36
4 260
69 86
36 186
6 320
10 25
58 159
56 62
28 196
4 360
7 111
16 35
97 127
115 147
1 381
15 86
3 179
14 43
30 147
16 69
3 215
7 231
6 324
49 156
35 72
1 303
3 190
104 155
19 74
22 75
53 158
88 118
26 118
110 115
75 110
1 113
7 333
97 141
29 41
10 112
27 187
47 159
118 137
20 34
63 73
8 168
42 195
25 112
72 74
45 112
13 44
61 146
3 90
24 73
51 136
14 164
22 182
41 168
25 137
12 245
28 94
24 179
50 106
63 80
64 156
6 17
5 319
4 357
19 113
74 100
32 119
4 219
99 138
56 177
65 97
38 145
73 147
1 334
7 259
7 96
4 347
95 112
7 77
1 369
44 199
82 150
23 76
15 87
61 61
44 123
62 171
29 109
79 133
9 123
5 192
47 177
22 127
21 74
38 90
48 109
61 148
27 71
6 350
120 130
144 150
74 81
130 137
58 159
75 90
5 243
53 153
5 141
50 71
17 216
30 90
12 51
44 92
126 152
26 88
64 168
29 56
135 136
15 105
6 117
62 72
