35 17
183 86
131 26
618 3
134 45
178 4
345 8
250 29
234 21
207 7
122 53
64 45
111 2
486 3
235 46
296 5
157 75
154 62
343 6
111 34
186 35
465 1
173 70
78 7
212 60
256 23
248 7
125 47
628 1
244 34
139 32
145 144
204 6
177 24
71 10
397 7
282 10
138 132
275 28
131 109
577 1
302 3
265 14
180 59
497 6
570 4
129 87
176 16
31 1
268 14
277 6
132 84
154 104
122 117
169 91
36 1
33 22
109 76
325 22
870 1
65 55
483 3
79 6
162 66
156 126
523 5
218 7
124 121
142 27
208 5
256 36
143 66
163 1
169 64
137 20
157 60
71 29
180 24
134 28
353 15
79 40
122 97
135 31
193 6
173 65
483 5
331 8
188 8
124 47
169 77
143 56
113 4
126 124
189 23
148 55
169 25
197 39
78 22
191 15
95 2
152 3
68 20
123 60
166 86
89 18
295 17
855 1
109 76
376 6
256 34
213 28
82 41
186 75
176 27
145 5
161 98
431 1
132 47
269 19
68 62
150 53
218 48
70 68
113 58
97 93
211 42
159 22
117 16
224 53
139 3
658 1
216 50
142 40
139 116
183 73
43 42
561 4
207 12
125 44
244 48
161 118
97 96
96 70
40 9
119 1
261 15
234 20
181 96
557 1
121 37
154 4
156 24
357 16
140 53
101 96
130 6
168 58
133 9
148 114
71 26
274 9
123 45
156 91
159 88
243 22
516 4
44 30
170 7
112 48
150 30
205 31
130 4
126 5
174 90
465 7
198 32
200 52
91 22
115 61
909 1
248 45
162 118
189 35
175 101
68 17
45 6
178 41
168 37
150 26
112 111
494 1
287 1
243 16
193 33
408 12
124 60
76 27
187 1
199 66
103 75
580 4
161 1
425 3
182 20
104 43
135 41
305 8
194 57
200 45
383 7
88 35
136 95
220 45
88 27
12 5
156 46
313 3
246 1
64 46
86 44
408 8
242 15
192 68
291 3
849 1
230 4
33 9
195 16
38 33
71 69
311 27
20 7
80 18
124 30
105 2
472 7
122 64
185 46
167 1
198 17
86 30
164 57
577 1
119 42
214 25
98 35
95 27
161 58
148 27
144 119
139 125
355 12
139 58
572 4
245 30
162 13
319 6
261 32
97 61
305 2
69 9
57 33
209 69
79 72
80 17
44 19
211 12
178 11
238 32
312 1
182 12
647 2
82 19
165 48
451 2
178 17
686 1
387 2
458 5
160 71
285 12
149 66
60 7
141 107
199 40
78 66
26 5
520 5
260 6
18 9
45 1
105 80
295 29
109 43
133 127
298 28
248 18
162 59
196 26
218 61
86 54
175 62
410 6
160 38
241 43
220 58
83 64
89 68
397 1
95 7
222 2
118 115
211 20
138 57
35 24
149 47
204 74
162 90
901 1
130 124
165 5
101 101
307 20
173 14
354 15
185 8
254 8
167 114
200 39
162 42
190 6
190 69
216 15
200 74
175 22
178 87
495 5
327 20
209 64
109 98
160 120
590 1
202 35
662 1
213 34
158 121
90 37
321 16
209 11
142 80
457 1
139 73
404 4
242 10
54 38
72 31
100 19
195 53
86 11
284 4
217 34
265 1
60 11
130 49
80 53
169 78
904 1
267 36
72 65
144 12
102 12
157 79
183 52
163 101
184 80
305 25
101 23
281 35
120 102
7 7
351 16
275 10
50 48
142 87
72 34
83 81
43 10
80 16
241 37
157 112
196 80
397 1
171 41
768 1
119 70
412 5
154 82
189 35
211 14
130 64
108 73
368 8
212 66
144 136
133 102
549 2
311 15
165 51
178 37
99 49
181 38
234 43
146 65
187 79
304 3
110 75
625 2
175 30
134 65
78 60
181 16
143 81
251 17
83 36
164 84
16 11
269 16
145 47
118 7
789 1
262 5
210 38
216 8
397 9
203 2
128 11
196 1
206 15
72 53
238 15
127 50
95 92
128 128
116 74
118 38
143 14
168 89
81 38
255 17
186 91
312 6
126 63
156 26
215 65
177 4
795 1
195 42
164 96
72 64
227 12
133 81
97 6
175 22
38 28
94 66
163 43
249 30
194 81
80 33
170 91
84 79
114 106
472 1
215 45
242 12
195 1
181 65
319 12
689 1
147 3
416 3
114 107
594 2
146 103
203 32
79 26
730 2
90 16
718 1
107 42
150 11
413 8
45 6
190 33
64 32
422 8
152 38
91 17
223 10
549 5
22 1
164 91
140 45
52 43
125 30
179 95
165 9
227 31
80 16
264 1
149 137
330 23
91 86
178 17
313 3
559 4
68 67
126 110
181 9
216 58
149 128
589 1
144 108
290 16
176 90
315 3
653 1
274 31
398 7
163 41
42 30
341 12
95 28
139 102
846 1
33 1
154 126
230 54
331 9
87 4
99 17
296 29
138 90
130 64
122 26
166 50
59 57
48 3
251 17
158 56
363 8
52 30
182 41
173 93
292 16
160 26
156 91
165 114
399 5
125 116
319 5
155 41
38 12
39 5
76 27
221 57
137 85
91 50
33 17
95 48
163 57
366 3
108 81
168 55
18 15
422 9
254 13
63 58
128 76
159 85
190 78
157 42
301 17
238 16
884 1
291 3
92 30
387 11
147 105
375 9
222 49
147 14
148 17
150 118
130 94
236 49
25 8
453 7
102 76
49 16
132 28
150 115
202 17
129 39
91 9
288 12
181 89
218 63
80 20
443 3
207 59
92 52
131 119
380 12
357 13
300 4
133 113
204 12
234 10
341 10
368 12
62 4
98 97
198 80
52 26
179 72
44 37
198 35
341 13
206 7
165 52
301 14
528 1
126 7
285 19
134 1
157 64
191 86
158 89
210 2
135 26
95 42
140 34
43 15
110 80
83 7
61 12
383 10
263 25
264 13
309 12
156 2
44 2
195 80
161 47
161 68
880 1
216 25
49 4
137 106
258 38
269 8
121 40
239 36
39 18
149 67
114 13
93 75
210 46
394 13
80 36
89 22
208 34
65 65
120 82
44 44
728 1
81 42
640 1
193 7
170 67
413 1
253 41
209 59
93 28
149 78
405 1
320 10
99 26
743 1
312 1
246 42
132 64
150 100
169 17
70 68
390 9
162 68
219 16
239 50
288 24
158 46
102 30
149 3
372 4
127 111
190 71
381 1
163 63
221 18
856 1
144 20
246 43
146 30
35 12
87 55
79 1
43 40
106 11
168 2
195 2
191 8
49 6
223 13
307 26
78 50
261 38
134 34
131 57
195 51
70 2
97 92
171 8
93 87
90 68
167 54
435 7
264 41
158 113
271 27
431 9
729 1
110 61
403 10
118 42
127 108
135 52
118 40
164 107
167 28
153 132
200 51
175 72
157 69
147 86
242 19
134 58
180 59
152 33
21 15
216 8
163 78
141 104
257 21
920 1
103 88
550 5
289 3
634 3
193 55
187 7
195 72
240 38
410 3
166 113
168 23
64 32
144 88
230 35
133 19
123 103
169 44
286 32
277 24
220 48
87 51
119 1
200 63
98 90
582 3
152 96
244 6
215 40
154 78
132 72
547 5
151 63
109 107
573 3
239 21
129 34
168 62
264 37
138 20
187 9
200 46
44 35
38 14
220 22
156 103
111 83
221 6
191 60
122 59
150 109
131 92
338 8
95 19
186 18
142 28
342 11
437 8
223 21
180 17
325 24
399 13
101 9
333 22
130 51
98 40
176 81
219 7
224 61
145 137
153 117
190 64
271 20
585 1
94 80
33 9
213 6
245 8
487 7
498 1
204 67
170 92
559 1
560 1
201 26
191 67
101 7
127 13
229 24
94 90
137 46
173 86
138 18
158 41
177 70
207 10
312 10
157 51
478 8
218 1
100 11
501 2
118 79
144 46
190 3
485 1
101 34
73 54
230 42
61 28
484 5
215 6
243 47
93 20
30 23
69 29
219 53
355 5
108 30
203 18
144 57
368 2
99 60
41 1
205 3
144 93
136 132
663 1
268 10
340 3
141 116
183 1
92 74
204 65
404 12
551 5
120 101
359 17
122 114
210 62
104 64
93 53
158 119
104 17
154 40
137 37
449 2
509 4
221 22
47 1
91 77
158 6
312 12
157 41
57 36
594 1
138 68
248 6
172 109
182 68
190 70
102 61
188 27
71 19
169 12
315 14
88 73
114 103
66 5
202 16
328 15
256 10
32 15
182 42
401 12
538 5
59 20
122 1
361 2
147 88
181 89
623 1
165 20
727 2
131 54
143 13
66 8
173 47
50 41
201 33
180 33
151 62
91 3
153 103
830 1
231 11
323 19
451 4
272 19
21 20
208 50
156 70
352 11
113 87
42 21
182 15
101 93
145 33
36 9
192 34
163 70
268 10
250 27
392 5
109 15
288 11
373 6
466 6
192 15
146 58
116 104
115 93
162 30
208 11
133 119
100 1
41 11
57 56
61 28
430 5
56 27
121 112
386 1
84 42
83 64
188 61
503 6
241 22
87 20
106 13
131 96
171 104
69 33
135 96
68 59
42 24
193 64
80 63
252 8
217 12
482 5
201 42
531 5
111 89
136 66
534 2
111 66
102 70
23 14
24 1
374 8
122 109
164 23
258 13
134 74
50 34
748 1
207 27
175 52
120 91
142 105
89 89
140 76
124 109
217 47
134 3
38 30
695 1
194 20
161 97
83 38
570 2
142 104
43 14
86 69
119 113
87 52
104 99
214 68
298 16
103 60
117 101
210 71
163 85
80 73
138 79
157 88
218 24
66 7
314 9
146 18
351 8
143 13
231 10
144 1
164 103
123 83
156 34
241 3
102 34
230 47
106 102
122 5
190 15
189 46
218 44
91 74
213 50
117 4
160 30
113 30
183 76
73 54
402 11
300 18
160 76
179 22
44 40
229 24
144 119
134 107
225 37
148 5
127 98
149 64
56 8
96 35
143 105
505 1
243 44
115 101
80 79
158 65
513 2
42 6
191 32
223 59
443 3
45 1
34 11
151 127
149 74
95 20
822 1
120 97
69 54
535 5
43 4
321 10
372 12
8 7
149 24
186 79
135 87
174 89
240 26
176 62
139 81
193 71
202 67
89 34
324 11
134 17
324 2
67 51
428 11
82 28
392 1
209 31
90 58
195 72
78 73
128 35
414 10
144 4
113 113
339 9
79 43
222 62
67 29
98 85
105 26
539 4
225 30
132 109
365 7
171 68
156 5
138 93
273 1
149 22
380 11
84 27
133 16
112 75
193 75
104 68
188 42
53 25
237 7
647 1
191 14
117 20
253 9
38 11
558 1
514 4
103 32
220 36
484 5
904 1
114 92
195 18
149 43
178 99
67 1
615 1
823 1
239 8
188 63
222 53
123 105
101 10
218 16
168 85
58 1
101 37
107 64
22 19
112 6
17 302
19 1912
1 2956
3 3324
82 284
1 14259
16 283
18 652
2 713
49 831
9 4203
78 298
14 850
17 879
45 632
14 1640
83 218
16 211
36 347
10 3219
11 3262
4 931
54 135
28 1224
2 10398
89 126
2 5857
41 336
1 13884
6 1773
20 999
1 1577
8 1905
7 2857
33 1199
1 2870
21 1373
38 482
20 158
22 798
8 1718
6 4699
6 503
2 6229
1 3403
4 6448
5 1156
8 592
17 1688
1 10546
6 1114
9 2109
19 1066
121 195
3 6123
2 4412
15 1733
103 164
23 59
5 3941
10 171
9 3627
2 3978
43 934
76 215
15 2294
12 2123
22 1701
7 1798
6 4126
1 1603
29 406
43 648
37 482
2 102
8 4599
1 7486
48 550
1 266
15 169
27 599
4 4499
12 1765
12 2894
1 11387
19 578
18 89
7 3891
2 8524
2 1969
60 218
16 1658
72 129
24 903
3 3089
125 132
1 4052
44 368
13 1681
2 2738
6 120
5 6012
1 7159
1 11606
3 3952
8 3725
2 4416
7 4707
7 2877
12 2674
102 139
4 189
61 362
1 3527
14 2243
26 1169
4 7261
1 11902
4 5506
2 6622
7 3775
35 248
21 187
4 655
79 176
1 8553
17 1676
41 707
8 2158
1 13005
3 1082
35 264
7 1445
1 13315
9 2469
25 350
7 3274
1 9045
42 318
50 374
1 16943
31 1080
5 1002
9 645
1 13507
105 191
67 308
25 1555
1 15328
11 1633
72 298
45 606
3 5932
9 1992
1 10187
10 1393
75 418
18 266
1 13431
39 756
34 642
47 460
1 618
7 1127
5 3149
3 3073
2 1039
120 180
35 428
23 341
30 1466
2 6444
1 7950
6 2417
37 493
22 479
4 7149
49 746
107 156
3 7209
13 2023
6 4517
65 463
5 1070
84 368
4 3605
4 1107
3 3842
5 1172
15 1945
96 160
145 149
1 39
62 82
49 815
49 577
31 290
1 16721
1 11728
44 563
58 667
7 4011
18 2093
11 901
8 2046
3 543
29 1484
10 3072
24 1578
1 10747
1 12932
62 158
45 831
4 2462
113 157
4 5494
4 2951
4 3281
31 1332
2 431
1 8413
2 1431
8 1183
11 2459
1 3118
40 458
7 4077
6 3061
5 4782
9 1784
11 1105
1 14202
2 8488
9 2603
2 8150
13 295
81 268
24 552
4 138
74 429
85 136
6 1736
32 794
4 1912
11 118
75 335
40 832
41 881
37 368
36 1185
1 9693
54 559
44 861
26 65
26 1070
89 297
40 219
106 254
2 8606
8 4302
5 4204
8 4443
120 170
3 5458
40 137
19 1118
2 3168
15 1782
101 173
22 1701
6 417
1 589
6 3782
1 10142
14 210
1 16334
8 319
114 151
17 1541
10 3017
1 17047
3 1401
1 13904
13 1286
1 8039
10 2393
8 230
18 2177
64 553
1 1476
1 10901
81 201
12 1284
1 14472
1 1955
73 237
3 6995
42 344
3 1799
58 427
45 243
10 3384
2 2428
8 115
19 2073
1 7356
2 2123
45 936
5 6261
22 243
42 789
55 552
57 423
35 328
2 2746
3 1491
1 3967
23 24
3 5699
1 7830
56 511
11 91
6 5218
28 592
42 683
12 1522
40 302
13 1125
28 1550
136 163
21 1219
1 11467
71 322
1 5011
3 1221
53 732
6 3649
1 3035
1 3885
49 63
1 4740
96 148
76 252
5 3807
31 379
19 1959
21 105
50 306
5 4132
27 663
1 254
65 125
1 2902
1 6103
20 477
19 1850
1 5082
4 1086
107 253
5 1533
120 135
50 434
23 557
13 1944
10 3478
1 10942
2 9666
1 5685
1 10046
2 7267
62 149
39 162
1 5763
1 6782
1 219
3 7195
2 6271
8 2629
42 71
57 696
57 103
8 1314
41 554
5 2488
10 3504
3 4834
2 9192
5 5324
5 4592
1 2889
1 13965
26 607
3 8287
1 5604
36 980
17 84
3 552
7 1474
7 1221
102 236
1 13344
8 1395
50 631
12 2296
53 514
2 1652
20 1701
21 1313
3 3847
1 5289
21 1884
37 98
2 5017
42 179
2 9698
11 836
2 2538
1 13513
77 264
5 129
81 365
10 1291
79 353
6 1361
6 3207
1 8074
2 10493
110 125
1 13611
2 5398
110 125
40 347
10 324
3 3670
37 656
12 2914
39 131
5 2423
6 2551
3 6141
2 7367
1 8563
8 3524
19 1586
5 4077
31 783
8 794
1 5262
16 1844
12 1324
33 1305
1 11700
31 857
1 12485
19 1626
21 1872
2 4975
17 554
65 116
12 2093
9 3396
1 6505
6 5081
2 5855
52 243
5 4510
33 1351
14 2720
1 5092
62 596
14 110
20 1936
7 2081
10 2537
1 8368
2 3262
70 470
26 51
9 1736
17 253
44 692
6 1634
62 517
19 1515
89 224
37 648
5 6135
4 5135
2 7853
11 1280
24 1046
17 414
18 1385
16 306
23 151
5 2871
1 10954
12 2380
5 168
1 7516
83 167
5 5303
10 3502
43 787
20 814
17 2248
1 7811
12 2952
2 3739
20 1390
2 2111
1 14338
1 9037
3 4516
7 1648
13 1984
32 507
32 939
28 777
71 149
52 106
124 134
4 6423
3 2542
1 5945
10 298
5 5172
100 222
111 149
12 831
1 16647
1 10280
5 4597
5 2123
104 193
1 14485
12 42
80 331
34 1283
38 165
1 2808
86 270
57 643
1 16219
17 1921
8 1037
90 191
17 1947
6 5001
28 525
70 138
9 252
12 2424
4 4747
40 169
34 1165
35 1215
14 191
3 590
15 1828
2 10033
1 11487
4 6074
14 155
44 377
7 2493
1 124
75 208
6 4684
2 4017
10 2958
23 878
22 1840
3 3453
24 1823
45 162
143 153
3 780
14 2928
56 389
1 8882
55 315
5 3048
2 7902
1 4636
50 420
15 859
27 118
63 210
15 581
4 4537
47 612
1 17243
19 1473
3 549
33 1167
21 949
23 1748
5 1507
14 1577
3 5487
2 9724
8 1611
1 16765
2 8339
5 1949
5 578
120 199
15 2102
45 377
6 3569
10 2739
1 15112
22 529
19 295
6 3557
1 11633
11 663
48 386
1 15158
1 5433
32 210
4 258
3 641
19 227
1 2761
28 343
3 3602
43 89
15 113
79 133
1 6837
5 1341
26 1665
60 601
37 813
1 12472
11 2070
83 383
10 578
9 1966
3 5902
8 3382
27 1284
1 6220
15 2070
103 134
1 8028
63 65
1 14415
1 9199
4 6192
67 419
1 15483
5 3134
2 8248
43 371
39 1134
6 5161
64 570
1 13072
51 320
11 2822
50 374
25 1465
10 3187
1 15205
18 922
97 220
3 2534
17 849
3 2948
43 538
1 15340
13 416
3 7569
26 1668
25 1434
56 698
16 2344
1 12719
1 16355
132 140
31 1215
43 776
6 2518
92 279
26 1453
9 1169
8 4507
1 1382
2 4200
5 223
11 2052
4 6317
39 787
72 247
78 308
8 2208
24 285
71 473
1 4363
1 708
37 460
2 9479
1 10061
111 208
1 8393
6 2181
23 1268
1 14755
74 356
3 1355
42 513
25 572
42 132
17 426
101 146
15 2033
8 3899
1 15442
1 14349
86 276
3 3452
5 2860
11 489
9 36
9 1934
55 217
1 7824
2 735
13 2318
9 1780
17 569
43 938
8 3494
1 442
8 1560
56 202
16 331
3 4865
1 3299
27 590
11 37
82 212
1 4512
2 9646
2 8080
70 142
11 3534
1 14936
20 1371
1 6552
21 1473
1 5853
4 3550
1 4515
5 4284
2 5852
1 1013
29 482
39 871
9 1152
12 936
1 2856
77 382
2 1921
23 689
38 60
18 2285
71 359
1 17171
1 16407
57 301
6 143
13 1004
1 16908
19 238
4 474
1 13144
9 2072
14 2896
12 1271
12 3139
60 462
7 1077
1 11204
22 1817
2 4022
1 17063
38 899
123 173
69 215
1 1619
30 1114
1 12965
10 1329
1 6602
52 622
2 1845
43 520
2 9797
80 93
4 6662
7 3758
2 8820
3 5893
4 1534
1 11334
29 56
2 4443
14 2212
8 4550
9 543
1 1273
2 8455
2 4384
46 615
24 336
2 9744
14 1906
7 4626
108 164
25 93
10 3745
12 975
11 2282
25 1333
18 1128
1 11987
67 135
1 486
12 1216
21 1583
10 3266
3 6082
6 555
57 272
38 171
1 4425
1 10557
2 641
15 1146
17 1028
18 2073
1 5799
1 8335
1 1042
11 1076
17 1833
17 475
6 591
5 1292
4 7032
66 106
54 412
3 1614
2 8811
57 497
83 379
76 186
17 1290
2 3254
27 280
10 1889
6 2554
92 221
9 2862
3 2297
3 7461
1 6611
1 4987
30 1386
23 1513
83 143
31 1367
1 4628
29 665
4 1555
48 392
17 2187
4 2494
17 2480
23 1861
1 7191
7 43
5 1594
11 1738
1 6778
41 790
7 2793
30 463
65 109
8 527
1 12251
1 10509
28 776
3 1591
3 2322
27 914
2 664
6 5121
75 212
22 1196
27 1044
7 3985
70 363
1 2952
87 148
12 2029
29 230
14 1409
1 13195
4 4673
3 4184
2 8128
1 11624
4 296
49 241
5 4855
9 539
5 3793
27 1427
5 5793
6 474
1 14571
41 796
6 2528
5 560
52 367
83 219
22 828
1 4105
1 7625
2 1799
23 1097
2 1822
69 80
15 306
115 206
1 12799
13 2070
1 1500
81 310
102 125
24 663
48 409
1 16742
9 1874
7 3636
21 1774
1 6700
69 364
53 122
13 1259
1 10504
2 1464
3 339
90 138
1 3006
1 5099
2 5841
12 1543
1 2741
1 1469
3 5134
17 259
7 1018
3 1330
1 746
45 141
16 1008
88 102
6 2440
2 4896
37 863
34 1197
3 2739
53 252
22 2001
42 326
2 8924
2 6187
7 2715
10 2645
1 14020
9 2365
10 1015
80 238
1 652
14 2720
13 2202
37 255
7 616
52 211
74 129
2 7169
1 16743
1 12154
12 572
12 713
9 1743
1 7519
14 531
5 1461
1 14758
30 798
3 7189
61 256
56 446
2 8750
1 7861
16 1128
6 583
16 1321
11 681
2 5811
39 438
7 4011
42 832
1 8747
32 1256
5 6110
4 4236
54 642
2 7619
112 193
16 2357
10 3365
10 2906
13 1048
12 2646
8 349
1 823
48 314
18 133
14 780
109 233
10 896
2 8630
76 421
4 2088
1 8543
1 10877
23 451
6 865
98 119
9 3398
6 1129
5 4362
12 1983
8 1268
53 266
1 17151
1 3792
71 247
10 233
1 14588
1 17436
7 1962
11 2842
5 341
26 1506
1 3734
50 318
11 304
4 2335
63 496
14 1648
1 13007
13 1506
23 265
109 167
21 208
8 2931
27 135
25 1077
22 602
22 2026
10 2782
3 5859
9 2460
1 15213
56 554
1 8682
5 1068
4 2106
2 9988
30 1326
5 1303
1 10117
2 6203
51 437
27 899
18 1665
37 252
1 5023
8 4161
67 380
5 529
5 3002
99 245
1 10604
28 1642
26 1717
1 7307
2 7282
142 153
1 5749
9 2243
25 178
1 17390
8 4405
4 612
6 3037
143 150
69 316
11 3168
9 3520
3 3168
10 403
1 11133
66 423
1 11754
1 3631
8 4578
21 760
4 6090
2 6071
71 441
3 7604
14 1741
2 394
5 3704
23 947
46 199
67 139
60 72
6 2076
5 6250
57 444
43 632
1 11939
5 2330
1 1407
49 100
6 3791
4 3893
9 4177
1 2551
8 1722
78 148
8 144
3 4387
1 4174
3 4313
3 1556
6 4559
3 8344
19 1937
98 111
41 734
120 162
1 4911
2 6200
3 3187
6 2528
9 4136
99 147
24 750
5 6179
34 307
3 337
7 2076
16 55
5 3769
56 264
1 9829
11 2801
6 425
3 6248
125 151
1 12473
47 867
47 710
4 6968
1 352
1 17142
74 361
6 4370
14 2089
1 12427
1 9022
93 299
14 295
11 674
72 485
39 938
13 3122
1 4393
10 183
11 2865
55 663
3 7790
5 6169
2 9847
1 16522
1 11278
32 636
10 1166
127 181
30 540
37 53
1 14779
10 2076
1 12451
5 4142
7 3121
37 808
15 1655
1 6430
45 466
33 118
1 5899
62 285
5 6147
17 131
6 1763
21 1573
8 3242
99 190
2 7072
5 4459
6 1977
8 3454
1 8346
59 575
53 393
3 6627
57 236
5 4273
1 10670
4 1056
10 945
6 2105
24 368
8 224
73 472
31 763
59 268
3 8344
3 4356
2 1731
1 1086
28 284
1 9746
11 1017
9 1633
2 1681
82 205
3 6662
50 695
1 3912
84 297
102 182
9 4036
64 377
59 608
17 2231
14 532
6 4783
45 471
39 362
33 94
44 169
20 1958
3 7925
40 627
43 662
71 149
63 553
4 2519
4 7000
1 16865
6 95
1 6199
45 288
1 14683
78 357
28 376
45 842
4 253
26 212
14 2043
1 728
5 5551
1 7479
7 560
37 421
2 1915
20 135
1 173
62 133
6 520
2 1956
78 245
6 4846
4 3882
3 6122
1 13980
91 286
13 1320
3 2379
1 5930
1 858
1 5047
1 6013
5 625
5 3900
1 14268
21 1602
6 2365
2 9777
2 6961
25 919
1 8182
5 5348
1 12543
107 186
23 1242
15 363
32 730
3 2859
2 8130
57 584
2 8825
30 112
1 15694
33 425
1 7304
13 2670
1 8531
11 638
7 1252
9 1379
11 1530
7 834
64 381
48 591
62 599
1 15226
2 3560
25 726
1 9928
96 100
39 668
48 832
1 2038
13 1399
1 1217
32 763
8 2719
4 6822
10 1705
4 3475
3 5236
34 1202
1 12555
7 715
7 135
2 9567
41 830
83 355
20 1604
14 850
9 1365
15 2319
49 246
43 941
9 1060
11 3020
1 11124
5 877
7 4566
2 10278
5 2786
9 2389
83 266
65 260
56 635
15 471
1 9760
1 5204
69 251
2 3216
15 1456
19 1390
4 6562
82 154
10 911
5 5768
45 356
44 662
17 644
2 5309
3 1883
80 207
4 3335
1 10575
30 907
4 6205
5 1220
1 13635
1 4752
11 479
52 330
8 1413
3 7185
24 1155
47 649
2 8803
7 5021
12 1071
5 3241
1 9688
10 1920
37 682
1 13818
5 3822
8 387
13 413
9 4126
1 17060
4 4642
89 196
37 564
1 11806
3 7104
91 124
49 432
6 4255
4 3092
3 1023
4 1119
4 4257
43 231
42 1004
1 279
8 835
12 981
27 819
50 64
1 10790
12 2918
23 356
5 3621
1 10904
61 605
5 1099
12 2411
24 601
11 2743
5 4672
60 420
3 4691
1 4340
8 4458
5 4917
2 4927
41 629
3 4270
7 2299
1 260
28 1441
13 2194
2 10399
4 4013
30 262
3 1304
15 2698
2 1125
1 4134
4 4983
1 9682
76 294
34 380
114 116
44 180
6 987
2 4347
19 964
10 3770
6 4946
4 6556
61 92
110 113
2 5619
1 15916
5 632
123 187
2 5984
2 6378
1 5686
8 624
41 253
39 930
33 349
31 1458
1 16928
83 105
54 83
45 464
40 625
18 329
2 6512
37 753
5 2199
19 130
17 230
43 596
2 663
61 166
2 4456
30 614
37 775
41 905
9 3571
3 2743
1 11139
11 2842
4 4794
1 12773
40 183
64 509
34 547
1 13544
23 329
6 1685
1 2326
1 9397
51 396
2 521
9 775
2 10013
30 681
6 1892
11 2632
6 4682
2 5982
19 1159
5 5856
1 9901
17 603
4 6953
14 697
1 15460
5 346
1 8190
4 3254
5 3965
36 1190
55 519
13 505
1 11310
3 6647
27 1463
6 129
62 73
1 9316
42 913
5 438
18 589
1 13489
62 556
46 762
14 2460
15 574
85 120
7 1193
2 189
1 5557
15 2374
1 16346
20 765
1 15992
20 1782
1 4597
3 4691
3 6925
5 1270
15 43
47 70
18 733
55 562
29 1009
27 1605
7 1275
1 15331
12 1133
1 3180
1 4311
36 1098
1 8794
3 816
47 888
3 5426
1 2445
33 522
3 8210
4 6065
53 584
41 769
11 3333
1 732
23 526
1 9892
56 306
3 6706
5 512
91 231
11 2037
19 1759
69 222
59 510
10 2415
1 15585
4 2164
1 7346
2 9157
30 1383
1 3032
5 5075
10 913
36 487
46 139
16 266
1 2810
25 1742
47 850
2 7486
1 4637
42 995
44 384
26 78
56 294
1 16403
1 11325
7 1492
2 366
43 306
46 815
1 16316
8 2444
11 3199
8 2905
1 12571
9 2572
37 482
1 16797
3 6513
1 5529
45 751
50 380
5 3615
36 704
14 2520
7 4172
6 1077
8 3133
88 88
3 4648
38 123
12 3228
2 265
6 3245
2 7234
75 149
9 1662
7 50
2 127
13 1582
8 1125
69 515
27 109
5 4778
20 976
18 1723
19 2038
55 638
2 8075
12 2996
3 7965
32 1050
17 2077
103 114
3 3398
90 227
4 2314
17 1572
9 3580
3 4285
9 3399
92 252
3 622
30 443
2 6619
22 1033
1 16247
2 5323
6 2408
11 2791
21 2097
8 4240
1 5208
91 248
57 671
24 841
1 10915
40 619
46 307
3 109
8 1800
2 7585
64 214
8 166
43 693
3 8149
7 1765
3 7194
5 1511
2 9653
133 161
56 686
7 1660
1 711
11 2720
56 694
1 15329
1 9604
4 5312
3 5361
17 1835
14 504
4 3133
1 4741
7 1203
21 397
1 16518
1 9766
37 960
4 715
15 2747
15 923
21 1951
53 752
20 2051
21 1970
2 10468
2 8101
8 989
26 1535
1 12957
11 361
16 1859
9 604
10 3275
1 10944
53 146
1 16614
6 4386
9 1899
2 1820
22 997
1 10953
9 705
24 1100
2 4021
1 11718
2 1454
31 523
12 3086
42 314
4 6602
51 132
1 13766
2 2772
4 5040
2 3810
77 265
12 2956
6 4420
75 287
27 27
5 2985
7 4151
54 299
44 535
3 1289
3 1668
1 12741
1 10031
10 2964
34 267
13 2292
55 116
1 11925
1 11033
2 9794
4 7272
3 2778
3 902
11 938
5 2104
37 858
5 5604
15 2629
33 402
131 163
4 1434
2 5170
20 442
26 1566
6 4424
1 13699
21 1093
2 986
8 2947
12 3319
28 365
3 6680
7 5008
8 342
29 1458
6 5571
96 222
1 5958
1 14777
1 11876
15 992
1 10789
42 476
5 3736
2 10485
1 15793
114 187
6 1235
1 7742
11 220
144 151
6 5602
18 1058
9 3544
36 357
6 4406
15 1546
1 13756
4 2761
30 763
8 1000
112 196
21 2041
15 2773
29 1318
112 186
94 253
41 636
68 71
36 187
1 2094
35 408
20 1254
1 14712
114 193
7 4098
10 2175
77 233
4 1481
8 1012
5 998
2 1655
15 1580
107 110
2 8023
20 1142
107 187
103 168
3 4449
20 543
14 93
1 17358
16 2466
12 738
1 4008
4 183
1 16960
2 4185
2 10491
1 7894
44 105
3 1182
3 7435
1 17130
38 524
13 1042
32 1201
1 2812
17 1508
8 840
1 13202
27 252
77 194
1 2857
1 7836
11 1175
1 16315
1 317
1 14721
1 2540
14 501
30 102
7 3341
24 807
48 89
7 1953
57 524
1 5348
9 3550
1 13582
1 11687
37 299
37 346
11 327
2 76
68 456
52 728
1 10507
35 103
16 1385
32 1088
4 156
7 659
4 1470
22 1962
4 1348
15 2325
2 4971
39 995
48 565
1 2019
37 277
11 3009
11 1363
23 653
2 6959
3 8270
6 4956
1 11319
21 1910
47 809
7 283
4 4951
16 947
101 217
20 1444
4 3656
40 706
9 1725
21 393
12 1800
61 67
11 36
27 1184
61 421
19 1373
4 5880
2 5476
54 608
7 1602
3 4365
15 1068
87 217
4 7179
2 9645
4 3755
1 17095
108 162
1 12491
64 111
83 189
4 6802
14 1602
1 12080
39 313
32 1332
10 240
2 2267
47 493
71 384
44 731
57 500
2 7209
19 1615
5 1577
2 4474
1 15120
4 7273
15 2459
102 158
16 1033
5 3095
3 5381
6 4789
1 15143
52 562
8 2808
1 14871
3 53
31 1215
2 188
1 72
12 387
19 1155
6 4330
1 5584
29 556
21 1804
1 11685
1 2978
2 6493
3 2622
4 2517
2 1790
1 679
3 2704
5 4695
2 8391
3 8182
8 4338
31 436
29 1461
51 734
19 1399
3 1811
5 4037
18 1597
17 384
5 2385
14 353
66 229
1 1110
21 348
56 689
7 3705
4 1053
2 5710
25 311
9 3685
16 711
24 1549
11 973
59 164
16 1622
4 289
81 111
2 10373
10 2065
1 5922
1 14192
77 181
28 1226
2 7262
83 138
99 180
7 223
23 899
9 2320
6 1753
2 8965
2 10644
1 4919
6 3592
15 408
21 526
15 2306
43 1002
7 1024
5 6157
3 3489
12 1691
31 1406
61 367
10 2916
91 285
9 2463
62 412
1 11528
15 1061
44 927
12 1176
90 292
1 15721
85 283
67 446
51 637
5 4644
1 7250
13 613
5 4833
17 717
10 1932
5 4013
19 674
35 86
31 295
3 977
86 332
1 2603
35 451
12 2349
3 5580
3 2190
1 2673
12 2500
2 7876
5 435
24 850
1 1972
5 4927
3 3296
25 1406
2 6250
106 110
25 223
6 1723
1 8969
1 3025
1 6707
1 12928
105 157
2 8766
2 6403
1 6843
4 3735
33 436
118 120
76 403
67 509
11 2932
61 168
8 323
8 3485
4 2716
13 684
5 639
64 375
1 15808
1 16776
2 1813
76 195
7 1858
50 730
13 1748
32 482
18 1170
56 65
8 4109
68 521
16 1147
1 5848
4 2543
79 170
27 645
71 439
17 2446
24 1284
65 147
1 12011
35 197
34 1153
8 3054
55 522
1 6521
5 6141
2 10632
9 802
60 469
43 238
13 1431
1 9865
29 997
24 541
1 3224
108 108
1 16715
18 1392
7 2941
35 1199
21 22
68 534
1 11716
10 3712
1 490
14 2170
10 1968
18 835
5 3041
21 2052
7 3554
95 218
17 1940
3 4245
12 1658
61 569
49 81
29 886
1 2104
47 176
15 324
15 2105
86 347
23 1567
2 5505
1 5888
15 2581
13 219
23 757
16 2141
3 210
2 8886
2 5390
33 842
23 1790
31 114
3 7092
48 330
8 1471
36 461
73 188
14 563
67 165
22 1007
5 4156
4 5438
56 332
6 3371
5 3918
77 148
3 2302
2 8480
17 2024
3 4248
4 5844
25 397
4 3281
43 669
11 1570
1 12790
1 10569
7 1148
65 329
10 652
36 1029
2 2767
28 632
3 3298
1 7214
2 2696
2 3703
15 2211
12 2166
1 5748
30 411
1 14651
7 3728
72 81
7 2308
17 2451
20 444
24 378
25 244
26 833
12 844
4 1924
22 764
14 93
34 309
77 266
16 1033
9 1486
6 5306
2 6461
10 499
9 212
22 1219
9 2145
1 4277
1 7441
13 2634
3 2614
11 1785
43 972
10 519
1 9099
6 5191
8 320
3 4208
113 215
6 511
75 245
9 316
11 644
2 1147
47 237
5 2927
23 1219
7 222
50 688
71 411
1 11742
23 1521
30 158
27 1236
86 131
61 324
14 416
17 299
1 4013
68 386
14 794
3 7302
7 1717
2 6793
3 2270
2 2910
21 23
30 1067
79 159
8 2800
8 174
1 9254
11 2987
10 1628
2 4476
73 307
12 1583
49 212
1 12563
9 2604
6 3009
29 628
5 4496
37 336
20 978
7 135
103 170
23 28
8 641
62 175
3 1532
1 12349
57 66
11 1121
4 6317
21 1472
5 2889
33 179
35 1101
7 3069
1 10178
2 4053
13 2750
5 5605
3 5440
32 225
1 4850
5 2840
69 317
68 321
51 695
1 14999
14 2629
1 14959
1 11713
1 13841
9 3780
6 3832
62 149
38 837
1 2027
4 7079
1 6670
2 6977
12 1412
1 14982
9 3810
43 951
10 1945
52 522
58 196
79 365
53 119
1 13020
18 184
127 147
15 2241
5 6177
2 9206
73 332
17 1618
7 1157
3 5615
71 260
32 196
20 1443
2 9985
65 187
4 1850
6 2384
35 663
19 1717
5 5477
35 254
11 2216
63 564
4 984
33 551
34 597
1 11438
12 1653
2 516
3 3527
9 1864
22 2040
18 2016
1 8311
16 1669
42 151
7 56
9 1736
63 399
4 2351
21 139
2 858
1 4906
41 358
1 1297
51 351
3 3618
1 8390
25 819
1 15779
7 4662
27 626
9 3990
6 2892
12 2028
8 1183
35 88
2 10092
54 238
19 369
56 261
55 566
1 9748
27 1317
8 4527
5 5943
16 2590
3 208
109 235
2 800
26 680
63 565
20 824
3 1582
3 6210
19 86
25 467
12 2346
10 2610
21 1609
26 566
14 1877
13 904
95 253
26 369
8 1344
33 1246
1 16111
3 6311
1 14932
2 6934
1 4691
1 4129
1 15011
10 1928
52 68
1 14654
39 664
6 2148
20 957
2 6507
24 642
49 188
33 1107
9 1644
1 3365
15 790
3 5925
1 5220
23 1500
24 1360
24 195
68 265
3 7935
76 157
39 672
8 2678
5 5288
14 2636
61 267
39 893
7 1573
3 4183
2 8454
28 480
7 3817
5 5559
25 85
15 2742
3 4800
1 10391
3 5347
104 127
3 2817
2 302
10 3420
7 3323
54 117
3 3047
4 378
26 1599
18 207
1 4476
109 174
10 3545
1 9542
37 46
2 10679
2 2331
43 840
6 1346
11 2321
7 2980
23 1958
11 1997
30 1257
4 1669
7 1926
2 9273
30 861
5 2978
35 286
1 1017
14 1692
1 14093
31 63
15 1879
58 526
3 7697
1 4023
46 687
21 1200
36 1045
83 200
2 2909
1 7549
25 513
28 742
21 2074
13 2586
49 595
24 1740
31 464
1 7877
1 3588
13 1960
71 271
17 1459
3 4531
1 10003
1 3580
22 513
5 3749
22 1173
1 3360
9 1791
1 15916
8 3226
57 344
44 445
4 1156
20 1294
46 325
23 918
51 683
2 8731
24 1124
5 5954
4 2566
12 111
18 223
10 2830
8 3862
25 1552
1 7391
13 1763
78 235
8 2816
10 676
6 3895
120 175
43 286
1 6312
6 32
45 607
11 2518
1 7821
1 10619
24 1068
20 497
5 585
44 59
21 347
52 326
21 212
11 3433
1 15062
1 16156
1 13873
24 972
1 13062
1 4471
5 1341
20 1433
53 350
12 1033
2 4989
2 3986
55 83
61 583
1 1066
7 4796
3 1935
1 1263
6 3186
17 375
1 12592
6 1778
60 78
8 1667
72 396
56 471
1 14044
1 8496
2 6675
7 3023
4 4443
14 2002
1 7301
2 2836
1 6401
54 613
6 3408
17 1757
1 7341
82 225
6 693
2 5027
1 2456
12 1611
95 158
1 3474
42 370
14 2301
13 1814
1 2454
1 11737
1 8520
2 942
1 4116
1 9529
89 341
11 652
68 334
15 1679
5 1093
37 196
2 3575
14 1119
6 1696
18 2185
2 6947
15 984
1 14901
52 499
10 2058
1 16729
17 643
36 597
34 1305
9 4115
27 1048
61 426
5 6208
47 636
8 830
129 145
36 129
22 619
1 16790
3 2437
4 4410
3 2079
1 17219
18 1730
21 1343
38 44
2 3136
4 6480
1 5480
1 13539
7 308
66 117
27 1638
92 191
1 16536
6 4888
26 857
6 4352
16 2322
5 1697
1 1419
65 528
2 5285
1 11640
9 4004
15 704
1 4214
5 2671
1 5637
17 1606
2 6963
14 1453
1 9999
2 38
1 16264
8 2900
6 525
9 2810
49 116
25 549
20 1394
38 668
1 4375
6 424
23 208
53 400
11 423
14 1403
3 5936
21 111
99 101
8 1195
1 17117
25 1370
8 1620
1 16585
5 4417
15 1182
1 5665
20 632
30 317
3 7064
73 459
6 5630
55 693
14 606
58 600
25 161
23 1749
33 234
13 976
14 2311
3 7242
51 683
6 2687
2 10476
1 7743
11 1572
1 16610
77 351
75 320
4 3207
27 1042
2 254
42 243
19 2093
24 477
4 2526
1 14180
8 2753
4 2528
12 2959
1 8670
57 108
10 495
3 1987
2 3700
16 512
25 91
2 1307
1 8476
48 351
25 404
6 4868
7 480
3 8163
3 6361
73 83
43 558
36 250
23 1275
53 524
4 3641
3 5719
1 13512
2 9601
1 7875
13 107
1 16729
51 85
14 2441
2 8736
1 13956
15 1734
1 5974
19 1344
2 1060
3 921
1 7034
58 381
23 855
9 4211
13 1410
17 1478
5 4667
3 6631
1 16871
20 892
3 4251
4 1196
2 9188
31 70
1 7825
2 4315
5 4096
3 415
19 209
35 304
2 1228
1 11932
12 2932
2 3059
1 1333
36 1048
10 411
24 715
44 814
2 1424
25 665
6 3607
33 1039
6 2751
3 474
1 15045
44 937
15 914
15 563
4 4940
1 6507
13 2552
26 1127
10 2074
2 4286
71 396
1 617
47 865
8 3148
40 236
1 9221
3 7794
124 163
8 369
7 3025
1 2487
6 1945
15 2190
10 1517
29 513
2 1260
12 459
8 1125
12 2746
1 14179
16 1919
4 4980
1 2195
7 482
102 222
39 1031
42 180
42 583
51 792
2 2835
6 4245
82 298
11 2912
1 4992
7 3552
4 2454
1 1531
4 5552
18 1434
2 3853
11 2121
111 120
2 5841
5 147
7 3789
1 8013
55 356
56 161
21 465
2 10013
38 712
2 8955
3 7647
25 1221
22 1684
2 9648
119 198
6 1209
36 377
1 9904
10 2731
1 11694
1 11801
7 4171
2 574
1 14361
2 5749
20 1223
1 2215
7 167
1 2369
1 3369
37 326
64 84
19 140
3 2442
1 1802
16 139
1 10077
2 6258
19 544
2 5025
2 1637
13 693
1 8884
1 8607
8 831
10 365
24 1044
5 5943
1 13117
24 1558
4 4475
55 588
20 1245
14 1754
8 622
42 340
6 4741
126 177
1 1905
1 5164
3 6841
11 2160
37 877
5 1721
10 699
29 879
11 932
10 329
2 4039
6 4040
18 403
55 649
54 114
1 16804
76 91
7 2089
2 3816
33 430
5 1142
38 60
1 16043
65 360
7 3760
27 1574
1 6128
72 107
54 519
21 212
112 144
52 76
31 1210
4 4785
8 387
16 1249
38 417
37 319
19 2205
11 454
100 151
57 248
1 5303
2 7055
5 4210
3 2318
12 1305
6 1501
64 191
4 4298
9 177
1 9923
65 522
13 178
5 4149
14 2631
34 146
2 2360
32 182
14 1457
39 420
6 3940
118 192
1 14945
1 13213
3 1533
2 96
16 764
2 2833
30 627
38 990
11 3253
1 4649
17 921
14 1339
1 10104
1 14908
12 2677
3 539
11 2929
48 712
14 1729
1 13470
7 1964
2 10075
18 1294
6 2621
1 6621
3 6313
39 614
3 6355
10 1052
18 690
36 196
6 3724
34 597
68 388
1 7390
54 687
1 15133
2 3984
23 1774
31 476
2 10192
23 1375
1 7689
52 104
110 147
1 10104
37 1169
10 632
1 16040
1 14400
8 3142
22 1143
4 1901
130 160
3 155
1 9810
12 2341
4 1064
2 1911
44 882
1 14645
25 1667
1 10429
1 2461
7 5049
10 2293
1 6825
8 3446
1 8891
1 3223
5 2151
53 604
1 7908
4 6615
6 1240
2 6578
1 11183
92 152
19 1639
27 1400
12 906
1 7374
2 7752
42 823
1 6927
30 1286
1 6146
56 696
84 216
4 54
4 5347
1 8856
17 1002
6 5057
3 930
31 1089
1 1023
3 278
14 2910
49 176
1 11485
3 988
10 1147
1 15148
10 2993
1 8467
1 2766
2 6209
1 6548
14 2370
2 1418
4 5800
38 479
1 17377
7 4647
1 5702
6 732
25 1521
39 925
2 9943
1 7370
35 157
5 5166
92 312
2 7654
26 282
34 897
10 2260
50 201
1 4932
9 1715
5 448
3 5240
1 4442
40 512
2 9562
1 281
37 1086
62 519
3 6337
23 1567
7 847
76 248
1 1373
57 240
12 2992
6 931
1 14583
73 439
2 9817
5 5369
13 822
39 813
14 268
1 6959
1 9956
1 12331
40 673
1 16439
1 6720
34 320
3 4108
2 7734
1 2300
13 157
2 10465
66 124
81 196
1 13762
11 3143
1 1392
45 934
5 4099
3 6670
3 594
5 6090
14 2266
2 9847
2 1283
72 383
91 254
100 179
46 664
19 203
3 1629
12 2331
12 1323
22 1004
8 1385
16 1635
43 766
83 125
2 705
60 364
26 706
86 323
1 2763
2 2101
1 10215
1 2179
10 1707
1 10193
20 1414
2 9715
1 11452
19 1419
4 6961
1 1203
45 639
21 1321
14 39
100 190
25 1190
1 10069
1 5868
1 2688
1 14865
1 16164
1 10350
90 279
2 376
12 2997
1 16187
81 152
5 3873
4 6965
4 2415
1 3245
3 4130
20 513
48 570
6 1817
46 220
4 1202
6 1732
2 7206
60 159
66 318
5 6137
5 3481
39 484
2 698
9 3698
11 2531
1 6381
6 5344
3 2280
5 5310
4 215
43 452
15 2815
37 349
1 8269
5 3564
8 1141
48 810
25 680
35 912
10 919
12 2745
4 1995
11 2730
98 183
14 1123
45 709
7 2877
12 3349
121 197
1 10880
3 7667
46 687
1 11781
44 851
53 175
89 278
2 5023
66 426
3 4736
1 1753
7 1244
34 1056
2 5418
105 186
2 8467
6 1646
12 1934
36 739
32 941
23 386
2 2409
1 6651
48 814
6 3809
2 8939
5 3540
1 534
2 6955
28 34
16 2141
17 2221
1 9407
10 2338
1 7014
37 516
19 143
48 490
60 590
28 688
117 193
23 1456
19 672
19 892
19 243
30 190
11 701
8 1908
5 3014
7 205
56 231
5 6092
3 4548
7 3574
1 10530
1 16590
5 2445
1 2944
2 5617
29 1579
1 387
72 78
5 4390
4 2235
86 299
93 314
6 3811
1 3935
2 15
2 475
22 363
31 546
3 7682
1 13182
1 12611
80 406
42 481
7 791
1 2745
26 850
15 638
1 8433
1 5315
38 789
4 4166
16 1627
1 12493
41 967
8 3298
121 204
38 649
1 14179
3 1491
38 1164
15 172
3 4395
12 2495
2 6706
31 650
47 466
2 10497
2 3890
9 1404
6 3093
39 1010
2 7220
13 368
17 1211
3 8311
12 2002
1 170
7 2365
58 133
35 661
34 643
3 4904
1 14051
1 6051
1 8858
4 1833
12 711
46 643
6 1722
3 3356
19 1833
21 175
39 382
16 2582
3 6080
105 236
5 1721
45 807
12 462
11 2847
17 750
8 1946
56 434
11 3151
2 2715
22 1670
7 1744
38 791
1 2711
9 1607
44 452
25 1770
29 468
9 3262
22 732
50 438
9 143
65 458
1 6356
3 6882
14 217
4 6372
23 1707
5 1241
25 1257
17 895
35 199
3 6229
44 438
2 8381
1 9482
34 852
5 5860
9 876
41 806
3 6930
6 4526
30 621
36 1105
5 1280
27 479
10 1576
132 144
2 4855
2 3418
2 9070
11 3527
15 2752
7 2297
7 4243
36 1060
20 630
3 7262
22 1577
121 182
4 1512
18 64
56 494
7 302
11 3384
1 10168
2 7135
40 444
14 955
29 1522
7 4552
16 1123
36 695
12 819
21 1892
42 328
1 1788
63 91
7 681
8 2743
49 360
1 3240
6 3739
3 7059
19 1876
28 357
29 474
25 1255
34 330
14 349
1 3889
2 8283
7 349
2 3170
7 1455
1 17017
1 3606
17 2346
44 370
1 6570
2 3133
1 9709
14 2675
17 2021
1 9002
78 262
7 3452
61 415
2 6650
2 4977
5 5107
16 1345
125 188
24 1674
5 353
1 7268
1 14102
2 5769
1 11659
2 1273
11 2100
13 797
50 156
5 311
77 335
4 1824
24 1060
1 1093
1 8205
33 512
5 5487
10 3470
1 16445
52 371
2 167
75 142
7 1742
1 12256
4 1665
1 4033
1 12923
10 1772
43 976
2 404
1 2841
1 16145
16 2043
21 138
8 2748
3 7120
1 16428
48 271
4 6578
39 661
2 2041
62 141
16 1150
3 7149
76 216
30 1042
21 162
1 5818
2 4830
6 1677
5 4803
7 466
29 1415
1 9702
1 1443
1 4608
1 4781
12 358
82 291
3 2368
66 406
13 1323
19 239
3 3826
5 3199
1 15564
3 8437
2 6617
43 691
2 2938
16 1997
22 1503
5 5707
7 3172
4 7171
2 8351
24 586
33 361
1 1215
3 1634
2 4403
87 187
48 383
1 12925
16 1430
29 768
15 2698
10 1305
38 539
9 2605
69 460
11 1700
74 180
1 4140
17 1262
14 1723
28 1564
19 907
21 1471
1 10272
24 928
37 343
1 14360
63 153
12 769
8 748
1 5419
15 2495
61 297
2 8804
49 133
104 189
51 491
14 2236
82 177
48 685
31 1068
2 2298
3 1528
2 8191
9 798
1 15840
6 2486
47 830
11 3213
19 727
24 1531
26 70
131 138
19 297
35 781
2 3974
4 1010
13 3063
1 11625
63 518
5 5116
45 606
2 9947
34 413
3 339
38 542
1 15614
42 160
7 4163
5 2366
97 102
37 771
29 1061
24 283
27 1297
1 472
1 17221
45 524
19 1840
34 41
26 266
22 49
22 269
2 1054
2 2803
42 967
39 797
7 3519
2 6688
7 2832
1 85
2 1311
2 9495
55 440
58 606
6 5199
17 412
2 7943
1 6450
74 224
7 2465
21 1641
118 177
41 297
2 9172
50 784
1 15416
19 2290
10 1360
25 287
12 2852
2 9885
3 394
23 1544
2 9704
22 550
14 477
33 912
21 1913
6 3323
13 89
12 1489
76 403
7 1447
2 8774
2 4705
38 967
3 2403
93 142
8 1090
54 422
13 2695
50 653
39 921
1 2871
69 459
2 10033
1 9549
1 14797
8 2255
82 133
2 3079
15 274
52 623
2 7122
3 5761
7 2817
115 196
2 4222
104 153
13 1865
66 485
1 15910
80 205
38 624
1 3680
13 1848
18 1544
1 1806
62 601
9 3447
3 5667
93 226
4 3697
8 3497
91 96
12 3297
21 1401
44 954
3 7986
22 939
33 599
1 13300
54 240
72 173
76 257
24 1040
5 305
1 12375
6 1591
1 5018
77 264
53 593
2 624
2 10496
17 592
5 4673
7 4498
30 918
2 3435
44 981
21 1839
9 4171
1 6527
27 699
1 15070
36 422
49 371
7 4081
32 590
48 411
29 554
14 2152
24 1445
1 7868
1 10462
1 1308
1 12524
29 872
56 302
18 454
15 1359
24 1717
9 1106
1 1681
1 6106
67 508
9 1743
36 995
2 8368
10 904
10 1646
36 452
4 2793
12 1361
2 1620
44 770
10 945
4 2688
28 777
1 1543
8 3011
1 8678
2 1878
18 2322
36 749
1 8621
1 7804
42 280
4 3084
16 815
2 9341
4 4999
18 1322
24 396
81 90
1 15568
33 495
7 1132
1 8545
62 168
31 859
17 1400
6 923
6 3721
61 107
60 623
22 1372
2 10403
6 5308
22 195
28 512
7 1262
5 5133
41 609
7 4100
3 4519
28 276
6 4898
10 461
5 1248
8 1153
1 3518
1 1776
3 4137
2 7673
5 2787
3 2477
17 2370
22 267
13 2054
85 185
2 3075
102 114
21 1848
8 273
9 909
11 525
21 1267
32 1118
1 7739
35 452
11 2786
1 3077
33 919
9 180
3 8409
1 12741
5 5035
41 139
28 1515
30 1079
7 57
8 535
15 1590
1 8307
10 3779
42 904
6 5287
7 3364
1 10105
1 1206
27 47
2 7369
10 619
4 6046
3 3602
10 3655
94 202
1 1381
8 3950
4 4960
44 271
1 5132
2 7802
21 72
41 655
5 1385
3 6882
24 209
2 7349
24 1736
14 348
2 51
19 612
29 1112
33 782
11 395
1 7605
74 200
72 437
1 13558
15 2110
3 8403
19 560
1 89
14 347
1 3021
2 2183
2 10363
98 186
5 3521
12 3297
7 2318
14 2561
1 13234
1 15332
3 439
1 10041
17 1376
29 567
1 4495
1 13555
12 694
47 581
6 5487
1 4996
31 43
1 15488
3 4681
2 8515
8 609
31 304
11 979
101 245
16 316
3 8383
115 137
16 469
48 730
37 772
37 134
10 297
19 1320
5 3268
3 5993
4 478
18 113
76 222
1 985
22 1593
21 1923
15 2227
6 2025
1 8841
61 189
25 1206
23 1052
10 1651
41 1001
16 1067
1 9222
12 2474
3 5549
6 4992
21 917
10 341
4 3912
5 1318
32 793
10 3311
1 16154
1 6937
25 662
24 1314
86 134
6 1212
2 5266
21 1328
21 910
1 14627
2 7909
1 15435
22 111
22 1266
4 4552
1 16957
40 479
3 3717
1 6025
22 640
6 1174
9 2382
16 1925
6 3215
4 2571
61 480
5 4160
2 610
87 249
45 678
3 7576
29 975
1 1556
78 97
11 310
68 194
5 3592
13 1801
90 240
51 794
3 6301
22 641
3 3212
17 42
6 572
27 1662
1 10578
16 1901
39 426
2 1295
15 2264
1 2276
53 156
25 709
19 996
74 290
35 741
5 6054
56 535
13 625
3 7851
14 989
1 5436
54 724
29 255
1 13509
10 1787
3 7034
4 1878
2 7727
56 147
18 2217
69 164
30 190
15 2279
20 780
63 152
4 992
1 16274
56 502
3 3952
9 3943
8 350
1 15328
1 3663
13 132
1 8951
3 6276
23 522
3 4690
5 5668
71 372
4 41
36 1010
27 1548
10 351
2 3711
51 609
4 4891
38 296
44 238
13 3054
34 1158
2 402
5 3393
13 2718
63 355
49 474
5 55
31 841
4 6313
1 15813
32 74
7 3781
2 9101
58 232
33 150
1 10194
39 66
3 3953
30 520
5 3208
23 1924
90 312
46 318
14 2501
1 3513
3 6772
5 6273
1 13090
8 2542
8 1488
2 5696
18 1826
12 1601
79 217
13 2628
3 3407
4 325
6 2418
1 13336
10 37
13 2541
6 2267
14 1438
6 2594
16 1937
1 9622
2 260
3 1944
34 496
35 206
4 1013
7 3526
5 5454
1 13122
1 6020
72 215
52 254
41 239
15 275
55 135
1 11983
11 3398
30 108
1 5659
1 14332
50 72
83 329
12 2402
1 12671
4 1497
1 1350
55 587
6 5008
19 1412
1 17196
22 1038
7 4427
1 14281
78 229
14 1072
4 874
1 7251
25 1584
36 439
4 1268
5 3288
54 171
8 3199
6 942
74 427
1 7170
3 6334
12 2419
22 1084
25 630
3 2166
16 101
2 2925
11 77
1 14592
8 2239
5 1730
10 850
8 253
31 358
6 2790
1 11817
31 1289
32 633
3 2453
1 5725
101 122
77 309
37 458
28 1105
1 4941
1 16010
7 44
35 233
29 120
65 337
3 3929
1 13443
3 5421
23 1266
17 421
5 2149
5 5619
12 1562
62 496
1 11695
1 261
1 15096
10 3192
1 17120
1 11103
58 329
35 916
6 1245
1 1743
13 2926
58 515
19 1433
7 1916
2 1976
44 936
24 586
2 5486
1 17442
83 356
43 429
27 1291
2 2168
1 3271
1 4052
31 849
17 865
106 116
5 1606
24 1307
13 1510
24 845
29 270
8 2386
46 202
4 3351
1 13369
12 3320
35 384
41 84
41 269
21 1815
1 14428
11 1665
3 6896
6 362
2 10632
1 17408
115 155
5 4878
3 1493
26 1565
3 6858
1 10918
37 917
1 9300
6 3289
1 12362
49 618
79 347
20 1431
20 1757
9 555
23 72
6 1683
1 14821
2 2821
2 5874
16 353
68 91
18 199
1 4159
8 1448
74 275
14 122
2 8568
4 1004
71 83
10 16
15 1603
1 63
3 5496
18 521
1 3234
21 1440
7 864
29 1155
45 69
1 6758
12 1642
53 501
1 16943
55 491
37 1139
1 7301
32 218
50 747
4 2265
13 1270
1 2228
1 7739
1 8289
32 294
97 213
72 191
20 2011
1 12461
30 1138
6 386
2 5441
35 1044
11 1161
51 571
1 1641
23 472
85 186
1 6928
27 1395
99 222
5 5393
5 1697
16 1377
12 2926
9 2710
4 3712
1 10316
38 139
40 278
2 10166
5 4539
1 1453
15 621
16 651
26 730
43 470
2 3562
14 1923
28 382
43 343
4 7086
13 2082
24 1190
1 14023
65 400
2 7786
109 167
23 1739
52 771
1 2703
1 4453
1 1067
1 13375
13 1498
110 200
1 3189
1 6595
3 7957
1 1753
27 1145
6 4494
11 2596
99 276
59 335
9 226
1 9203
7 2759
2 5262
43 929
53 619
7 2725
2 7501
8 4396
12 748
57 178
3 7040
10 309
1 12149
2 5190
37 1060
1 13784
12 609
17 2338
1 15510
1 11353
32 963
2 1258
101 154
6 1517
41 1055
61 608
1 368
14 2706
115 169
52 728
1 11629
78 376
42 217
1 3657
1 3778
34 1080
1 7224
37 1105
7 2591
1 16513
1 10604
1 2570
2 8532
15 2736
7 3983
16 373
3 3604
40 821
6 162
18 554
10 2293
34 1002
14 2232
6 1651
1 11555
17 2075
2 2523
47 169
66 88
3 8017
1 5173
2 4850
73 144
6 3073
1 1320
30 1421
75 296
1 8555
29 1547
10 74
2 10084
2 9234
1 11093
12 2171
5 786
36 1249
37 655
1 1896
56 535
20 1717
10 2456
12 288
10 3044
1 16560
3 6187
18 1882
3 6464
7 864
40 320
1 5491
3 732
1 236
8 1742
7 433
4 4809
22 1286
7 746
6 4161
7 465
98 116
58 451
34 1281
1 392
3 2127
19 1774
3 8185
18 995
1 10234
21 402
4 2048
3 6340
6 3090
1 3732
1 8315
48 79
12 167
1 11740
3 8286
11 244
52 292
1 16478
1 130
21 1638
18 2069
16 1604
4 7102
48 346
8 2560
9 2908
18 2366
3 6230
36 276
82 220
40 219
6 4587
3 707
3 6147
3 6378
75 236
30 747
18 661
94 100
3 6938
1 17218
1 16518
57 600
18 1736
1 1464
56 559
1 16104
22 326
1 16124
11 1673
6 634
82 161
10 262
58 257
18 1802
4 2462
7 2484
33 306
2 9897
9 3295
15 1983
2 5846
4 5838
1 1983
2 5448
92 190
63 162
8 316
56 572
12 1314
3 4908
1 113
21 2125
28 767
22 137
5 4614
28 473
4 6236
73 190
9 521
31 845
12 295
42 221
4 1958
16 2433
16 2510
45 312
12 761
9 2866
55 60
5 5067
20 90
37 1027
20 317
6 750
4 6806
51 397
83 331
59 312
1 8319
34 337
33 492
1 8392
33 724
4 5014
68 501
3 4618
86 248
4 857
34 120
1 8826
2 1391
1 9075
3 4309
90 192
56 262
28 197
49 754
98 208
4 64
2 3848
1 16011
44 938
2 4185
45 567
44 429
100 132
110 240
33 1352
27 411
27 269
5 5037
11 1194
41 388
59 203
12 2358
86 106
4 6982
1 1990
24 960
16 1835
1 677
94 179
49 704
3 2478
1 17226
3 6644
2 3559
67 433
1 6389
33 297
16 2595
4 7034
1 4684
4 2092
1 4534
8 3862
3 5983
7 4499
1 975
15 1125
5 585
42 317
3 7491
5 2779
9 3247
9 1602
9 4045
2 7223
6 5167
14 2811
3 801
10 3250
4 1289
3 5554
3 2104
5 202
14 259
5 4229
18 763
2 8696
5 3025
16 2127
17 2433
1 2243
64 537
16 792
2 9260
86 358
28 744
2 9873
21 356
79 207
1 2802
1 13448
16 2595
36 764
101 210
5 4059
1 13307
25 1023
10 3208
24 160
13 3126
3 2468
6 1059
1 13191
5 3551
2 8284
4 97
2 1729
11 1812
36 255
4 7068
2 4964
1 11618
1 2325
1 6232
5 2713
2 8164
9 2284
1 1412
39 899
94 247
85 299
56 185
9 1824
82 87
36 97
18 482
2 7204
31 599
10 111
2 2711
33 685
1 6759
7 1396
55 333
1 2175
1 17237
33 1239
4 5676
1 1875
2 10125
1 2505
6 3180
3 8213
12 3117
1 8850
30 929
13 1125
13 470
32 326
16 1995
15 1583
7 3274
1 1545
8 1863
1 2122
39 636
1 12316
7 59
36 772
5 2059
115 211
17 2484
1 17038
4 5719
11 1022
30 1030
1 2413
2 1353
26 961
8 959
3 4286
8 4560
8 3232
32 408
4 2063
1 8497
25 1266
3 8283
104 232
50 59
19 1404
3 3167
1 7240
1 11947
1 2792
1 6282
1 6535
28 1518
7 3056
3 7085
91 155
12 575
1 10776
2 7283
2 4645
86 194
93 270
15 1387
13 502
9 3751
13 1162
49 775
60 361
1 15084
1 8058
35 794
5 3422
2 2512
111 199
13 1739
3 2703
1 3617
1 7711
1 16681
2 7810
93 264
59 231
2 7667
5 2095
12 1110
9 3966
2 2561
4 4365
1 16236
1 13882
4 2318
87 167
2 10290
30 439
18 1679
1 15397
71 385
11 64
7 3790
1 3366
1 15153
1 6652
20 737
10 871
28 109
40 894
8 2363
41 920
1 755
87 133
1 7700
2 5205
1 10852
51 138
112 178
1 3064
1 17496
28 939
70 435
29 565
8 3240
54 320
6 2754
22 1260
48 358
10 898
4 2645
82 155
98 197
8 1020
14 170
11 231
36 1183
2 9372
6 2553
1 15794
2 1169
50 237
1 16447
16 2150
2 2695
2 89
9 4018
2 3904
28 502
32 1396
7 4005
5 1336
25 270
22 785
10 2825
26 482
2 4250
1 7271
19 159
19 214
53 235
62 328
24 1894
41 517
2 4509
58 529
109 120
23 743
1 6582
1 5629
1 388
100 263
28 943
12 273
20 625
52 257
65 501
48 617
1 6286
41 420
1 15424
5 313
52 408
74 136
6 750
63 529
1 3740
10 605
18 380
21 1393
1 6682
61 455
11 458
5 4184
14 2829
10 1124
107 237
6 4038
1 6466
67 511
2 2923
5 2815
1 3716
1 14348
1 8519
2 2017
5 3231
29 1197
59 113
30 589
2 4125
1 17521
43 61
7 3957
72 139
42 400
15 1761
4 485
1 13101
1 8200
2 7479
1 15036
3 1746
2 6901
47 76
24 552
4 4760
1 15711
2 13
88 114
111 201
21 1230
2 9696
54 564
64 259
9 474
16 851
4 5379
34 64
36 1224
40 1064
1 11442
1 8964
15 1500
32 327
1 7115
12 3224
2 5117
1 14905
2 7418
3 18
8 3644
87 167
6 988
1 14697
2 5142
12 2119
7 1194
32 275
22 998
1 9943
1 16328
6 994
12 1462
1 15572
1 10201
1 12139
20 1157
14 2276
1 822
18 858
9 3987
1 626
2 5477
3 4793
46 85
75 349
31 301
104 211
67 544
1 15584
5 6161
16 2147
1 5643
31 364
1 12246
2 8267
11 2653
48 807
15 1112
35 433
15 1938
31 1282
21 1971
1 5760
83 306
8 1413
1 12309
75 113
1 9749
1 14907
10 3725
44 559
116 157
18 1915
1 296
8 777
4 5312
3 3884
3 5700
20 365
3 4857
6 732
2 9506
3 2229
20 1119
26 935
29 1070
2 9478
119 138
3 2697
61 125
15 2480
2 2282
7 746
47 691
22 294
5 3451
1 7354
5 2546
2 6945
23 1929
3 6658
32 1323
23 58
3 3997
41 933
1 11626
45 844
1 10125
42 309
10 109
30 656
7 2703
2 7516
17 2120
4 1397
56 181
38 1135
42 485
3 1117
3 7119
1 5238
122 127
1 3260
22 789
17 1024
1 7106
25 298
37 426
57 574
41 885
11 2284
6 4768
42 128
14 2099
10 2040
1 10222
6 3815
63 326
26 153
28 1127
26 436
62 273
5 2371
38 941
15 1101
5 5910
6 3539
7 3127
81 331
45 942
1 3895
4 7191
27 298
8 3748
111 205
40 187
8 2064
2 8961
7 2507
31 1089
1 5160
56 654
1 3768
18 2061
2 3964
108 166
48 90
1 7496
48 70
1 676
3 5845
11 1192
20 1341
33 969
20 1578
5 4234
1 9841
6 1144
3 8301
3 1461
7 1142
8 939
1 4973
2 4405
79 261
19 1418
1 2550
7 1974
7 409
11 82
15 885
91 236
82 156
1 1749
13 2779
85 159
54 146
32 403
2 8264
9 765
24 390
66 139
79 288
1 9673
11 3047
66 449
40 274
5 1827
52 787
17 1454
9 1745
1 14785
10 2095
9 1148
92 276
27 351
44 230
6 5086
6 2213
62 181
8 165
52 354
113 200
2 7164
7 4554
2 10304
1 16816
2 6730
21 852
3 1396
1 11596
76 305
1 1552
7 5014
1 3828
41 99
1 16750
4 1431
6 4123
2 4434
19 2304
1 14040
1 14129
13 1324
31 977
5 5780
54 408
43 79
10 3416
7 4366
10 1130
4 7122
2 2896
1 869
2 220
67 392
1 14970
3 3616
10 276
12 1798
23 1205
42 734
47 415
7 1240
2 7626
55 420
70 509
2 7483
5 1661
63 469
8 2188
5 4989
21 966
62 513
6 5173
2 3189
5 3609
1 3781
1 14673
30 483
3 8337
3 5388
9 2465
13 958
44 861
36 395
36 139
8 3946
2 10267
1 16419
1 11385
34 1032
76 224
5 585
11 1034
1 1874
1 15109
5 1184
7 2482
1 14536
6 5264
17 2376
18 140
6 2390
53 412
34 377
9 217
1 12223
1 4599
45 667
6 2366
9 2946
7 2199
54 344
13 3130
12 125
30 836
3 5640
1 2014
72 192
43 287
48 233
9 1860
12 2952
23 1848
57 557
64 582
18 1249
2 1351
1 16700
14 2246
6 598
40 949
1 7714
79 203
39 978
1 1208
13 46
84 264
13 1793
68 373
33 1116
4 5847
4 308
7 1768
5 514
1 13600
3 1275
8 2979
2 6401
2 5625
3 4220
21 1093
9 3756
66 185
44 657
103 211
2 4280
52 264
24 1505
30 364
2 3970
84 168
58 457
42 360
9 1514
6 3501
2 9186
10 3412
4 6826
17 934
26 63
14 2419
2 3582
35 952
35 486
47 866
42 280
1 14444
12 3205
6 2028
50 390
39 1041
33 716
3 2790
51 205
1 4638
38 504
2 7497
1 9926
2 614
8 819
7 3515
61 290
34 62
1 3886
2 10278
6 922
1 1715
12 1590
48 777
9 2672
35 561
49 694
15 2195
1 12050
1 1255
26 550
54 269
6 865
16 376
46 111
2 5491
20 160
33 878
2 5095
62 322
1 8107
13 2563
3 2381
3 4759
49 742
18 993
3 765
12 916
24 448
28 1579
1 11405
13 2361
23 498
1 54
2 1224
68 92
9 1483
66 493
3 667
10 3286
64 315
1 16028
19 1659
98 125
65 522
9 3346
128 130
3 6561
3 2614
34 951
1 10985
75 415
1 12840
39 142
67 376
21 825
1 7357
7 1319
1 7882
1 4310
109 123
1 4288
78 249
2 9167
18 332
2 9904
11 1873
1 12049
1 3267
5 4813
1 3969
34 830
1 2908
11 3451
2 8808
24 424
29 1082
4 3795
58 658
25 800
44 635
7 641
57 649
11 2113
1 3829
9 4015
9 2110
92 323
2 1868
5 4039
31 638
1 14081
110 216
4 4417
20 1448
2 8554
17 1224
1 11044
1 17317
70 399
13 958
18 1927
88 265
1 1551
1 16952
1 11319
1 11032
2 4660
1 11307
1 4843
2 8627
57 527
1 14028
1 15402
14 751
15 2306
1 11674
1 11401
35 809
37 448
1 8225
4 5495
4 2892
4 5142
1 12348
4 3957
4 1041
25 1730
5 3855
3 4747
58 429
113 221
1 3008
11 1803
61 82
1 4337
1 16972
1 2364
1 6389
11 2659
2 8217
7 4300
3 665
54 176
15 1944
76 392
22 1602
11 3219
5 2726
28 78
4 373
45 223
4 4141
1 3282
5 4328
1 9676
7 2116
5 1386
5 5040
1 14074
26 117
5 1684
52 409
3 2389
1 14057
3 6799
5 880
1 6048
5 2929
62 531
5 4368
68 472
2 6568
58 552
20 448
2 9518
1 11333
19 431
35 448
54 586
19 747
56 494
74 422
78 102
1 12072
5 5905
1 3502
12 2074
81 258
17 2130
38 827
17 1352
85 324
5 4066
95 225
8 3810
9 2731
3 7519
4 326
24 1701
33 307
4 2758
30 1318
75 306
22 1411
51 536
24 959
15 1465
7 3240
3 534
49 766
2 10401
1 1649
3 7973
21 1381
3 6929
8 3700
15 1864
9 2321
40 232
1 12564
42 832
101 204
19 1900
1 11591
20 652
6 3860
2 6987
61 133
1 2441
21 631
2 7397
10 3422
1 4166
36 458
7 188
51 62
1 15753
40 1086
28 1049
10 37
6 2955
7 54
15 1278
30 44
32 1368
10 422
109 149
49 342
13 1732
1 8396
24 1192
23 231
2 6906
6 1828
11 1821
25 1732
3 4606
3 8160
2 5060
6 2838
120 150
7 1970
1 1760
1 11748
16 27
40 580
15 1299
3 1402
9 786
4 5493
37 542
1 14987
1 11675
1 192
15 278
1 16442
1 4034
2 5837
15 2450
72 280
8 4139
23 1337
10 1107
1 2997
34 96
3 6837
1 8226
39 639
100 105
1 1447
2 4693
41 898
8 4170
2 3659
2 9464
49 703
17 753
20 1670
2 4796
4 3331
2 9759
6 4518
4 3352
6 5467
2 7883
3 5026
24 872
1 12258
16 229
21 959
1 13405
2 10015
2 7611
2 10615
1 10623
8 2492
4 6506
10 3290
1 2757
63 322
19 1595
84 336
9 2305
15 590
5 510
1 14825
1 16466
8 10
2 658
6 3687
4 6774
22 478
12 2306
6 548
2 4654
2 5776
1 6163
14 700
34 210
15 2028
2 7858
38 459
71 298
17 1119
8 352
1 13020
25 1625
61 345
30 796
64 89
1 3047
1 15340
29 1025
2 6861
12 2135
9 2000
45 372
3 7053
32 1170
1 6301
1 14675
20 128
20 416
41 138
24 1737
27 1431
7 1241
75 394
10 3418
1 15323
18 1307
15 122
28 303
12 3126
50 767
30 424
5 2310
2 2867
2 887
20 74
132 149
5 2278
1 2260
15 668
19 1328
5 2732
4 948
41 933
57 170
24 791
10 1474
18 1919
7 1210
32 386
10 3618
3 2636
4 5310
2 3652
7 4025
3 853
10 2853
2 4072
67 151
64 521
27 372
10 1280
8 4022
1 4204
2 2010
15 2048
3 8341
3 1778
2 10348
2 7771
70 188
2 7893
2 7482
32 1141
75 227
3 5078
8 2566
3 376
91 303
58 126
19 1061
2 2023
1 17155
20 208
7 170
4 2596
1 11275
15 1676
38 685
6 2895
1 11886
30 546
16 46
31 1063
5 4439
6 3548
1 11196
74 279
3 8341
2 1125
1 11403
10 2443
112 219
1 3429
32 953
1 10060
2 10162
1 886
10 169
7 315
51 446
20 1988
4 6408
1 10153
111 188
93 124
1 509
8 4458
22 760
6 847
1 4448
5 3106
25 640
57 479
1 10326
20 1261
2 7667
4 395
19 2238
1 14692
3 5906
33 794
12 3061
115 218
128 164
13 1385
4 7028
19 1129
77 182
9 1075
29 1105
9 353
31 947
1 12150
80 329
2 9377
8 623
7 1741
79 221
19 1632
3 4505
1 1411
11 2097
24 1240
7 4167
2 4247
1 3265
48 485
44 632
4 6927
10 2461
13 654
57 130
4 5523
1 8323
1 7396
6 3937
2 71
19 381
56 395
1 4301
2 1856
8 3986
1 7970
39 932
2 5867
1 16891
9 3708
1 9407
6 2715
4 6576
47 120
3 7204
2 4320
33 597
17 704
8 3178
39 318
2 8314
12 1888
2 4637
7 1014
12 458
12 503
15 2588
1 9239
10 2375
12 1721
8 3761
6 3485
49 139
20 876
69 297
13 2282
2 10428
36 1129
1 6357
19 1132
4 226
13 1041
59 265
3 1461
5 5309
25 1046
1 15934
79 189
6 1101
16 1632
63 604
16 2116
45 545
17 2244
1 5897
2 8051
35 732
2 6302
36 468
21 1212
3 1756
1 3832
80 111
63 482
1 8759
1 6368
6 5288
37 761
105 218
46 557
2 875
9 685
2 7173
20 1670
2 2631
7 35
24 1870
11 3055
7 653
1 9917
8 4234
6 1255
25 1025
2 5203
24 913
24 1692
25 450
44 429
8 132
35 864
3 7512
1 14964
90 327
10 3095
2 9433
1 124
22 1693
13 895
21 1783
1 11607
8 3239
1 1598
48 672
81 113
9 3058
16 1840
24 1216
5 4799
6 2655
4 6746
16 1795
43 828
2 6995
3 3586
36 885
14 1290
10 1606
5 4397
40 865
28 614
14 1622
1 14220
14 2341
94 224
60 382
1 16052
10 1572
2 231
1 15216
20 2108
26 1487
31 214
26 416
4 2610
20 906
21 315
4 2470
13 619
39 191
99 235
41 756
9 723
1 9368
1 12297
13 309
2 4512
5 4348
18 258
100 266
27 458
2 5884
6 865
5 3443
1 10450
13 1497
1 1405
4 1219
31 1307
9 1999
25 1363
1 10104
1 12251
19 799
5 2223
15 2193
1 952
1 15639
42 59
11 702
7 4479
4 2712
1 2502
18 1175
37 495
21 1098
66 262
9 1742
27 1595
5 3752
1 9349
80 279
1 16605
101 156
14 171
1 6399
43 734
1 3226
22 1743
21 772
2 8660
2 2291
17 871
36 902
1 14907
4 371
4 5688
4 1041
1 7041
9 651
4 159
50 216
27 1243
99 113
7 56
44 717
11 2414
24 415
1 1507
8 768
1 7268
1 15770
6 945
46 552
90 134
63 75
21 72
5 449
12 1807
33 295
6 2844
62 299
5 2318
1 1437
52 233
11 3491
19 874
52 787
2 9734
7 1421
18 77
5 2118
19 921
19 442
5 1318
39 1074
1 549
3 5571
22 1435
44 354
1 1809
3 6294
1 15499
1 959
76 162
28 1502
1 1457
16 348
80 392
62 288
2 242
27 1543
10 2522
54 532
27 862
5 3475
70 315
2 1234
29 136
1 4124
1 901
15 2557
26 566
1 14320
14 544
5 6044
13 1841
23 1134
14 2224
11 193
2 672
25 1816
32 193
10 2633
2 6677
2 850
25 620
14 340
8 911
1 3568
6 3217
21 1785
16 110
23 1227
21 854
2 8257
18 627
35 632
7 3188
7 4614
93 285
7 2214
10 2335
11 371
30 1339
30 1367
27 821
32 804
1 12259
10 2909
10 3467
39 420
5 826
2 1309
9 556
76 355
1 8853
11 3297
40 635
49 762
2 6610
9 886
24 1456
78 198
39 433
110 220
7 908
15 1545
24 921
65 74
10 2307
76 103
27 1404
25 1584
32 1247
16 814
5 3324
83 88
11 69
3 2759
1 16865
3 6491
1 8071
19 1323
1 12045
55 652
1 4954
1 11522
16 489
25 51
2 4454
61 426
88 131
2 10075
23 85
10 1351
4 3684
12 1811
5 2682
5 2610
5 5708
1 11517
25 1647
14 2108
3 7341
22 917
22 1827
3 2324
38 770
34 584
28 1138
8 1883
52 285
26 868
1 17293
1 5608
44 738
2 3322
1 2184
26 197
4 1884
1 2835
10 3829
3 3781
1 1483
3 2997
14 97
3 8199
7 3277
56 585
44 282
3 3674
42 745
3 7594
18 2282
47 896
1 4641
7 1273
4 2612
2 9484
27 1250
5 1303
4 1177
21 1332
2 3003
10 2246
29 1444
40 1051
65 420
12 640
50 515
86 329
3 4070
25 698
33 1116
2 6627
38 654
10 1261
2 2877
5 1124
1 7200
1 7039
1 6829
25 1723
21 1325
10 1358
2 316
17 1023
19 599
61 355
1 4271
114 191
34 922
84 136
3 1801
40 262
41 905
49 786
18 2106
4 3412
29 739
1 2427
17 1799
38 81
28 937
59 294
31 880
19 976
8 2514
1 2089
1 3829
19 1501
53 315
9 2215
3 595
17 2374
11 1098
3 7902
5 5490
13 1131
16 485
73 113
2 10571
2 9649
8 1885
3 7552
62 610
7 1230
47 492
30 1191
45 182
83 286
1 12499
12 665
1 10965
6 4503
15 2802
4 7116
31 509
12 2775
1 982
5 3106
3 5646
10 3634
3 682
23 1194
16 1127
2 7860
1 1119
2 8963
7 1259
39 1021
54 330
38 1132
86 222
26 387
5 174
89 121
4 7157
1 13120
1 1953
1 14885
17 507
69 155
92 319
47 417
17 1170
15 2624
2 6578
43 70
1 5449
2 2751
25 1559
5 2198
16 1686
71 216
21 1727
1 16249
26 527
54 422
1 10283
3 3876
21 1975
7 2943
63 140
8 3857
21 97
14 1013
7 3831
20 941
6 885
7 839
89 162
15 960
31 1248
9 2620
10 1683
27 735
1 7005
2 7952
12 2273
14 2770
2 9954
23 73
40 526
10 2893
41 234
16 134
7 1849
2 4995
37 1115
8 372
1 5230
4 6675
27 156
48 816
6 1540
11 1710
105 213
32 650
1 670
39 642
2 1264
4 907
2 10672
35 836
2 10341
71 451
13 537
13 834
55 500
33 992
1 14611
8 347
31 848
19 177
2 7174
1 12756
21 415
48 84
45 248
15 1500
16 524
1 5162
3 7662
73 91
60 527
44 982
32 546
16 493
3 4299
3 34
99 101
9 20
1 13122
49 132
1 2386
17 1028
1 3650
23 984
13 1313
11 1519
5 4681
23 1946
58 219
32 1320
8 66
4 6103
1 13905
44 54
8 1586
76 108
3 7313
4 3597
1 14553
20 1321
20 332
1 17182
64 182
5 4662
23 1112
1 3645
4 3109
24 180
29 171
1 11184
5 5069
12 3055
22 654
9 71
95 215
17 1453
39 470
85 234
1 10201
77 375
5 5852
5 3286
85 358
5 135
3 2516
1 16525
43 396
7 1807
11 727
93 311
24 739
4 3260
3 5371
11 3332
22 1785
24 1674
1 13045
1 17152
5 1125
1 10164
7 5038
13 2133
1 2120
14 1807
3 5849
34 523
32 265
1 15385
33 629
2 824
62 145
9 430
1 581
56 130
23 221
2 8351
127 140
1 281
27 776
32 272
20 1857
1 16431
34 680
19 159
2 3092
41 503
4 5126
5 4987
1 6384
2 5738
116 180
66 544
18 463
1 14262
3 2918
3 3237
98 279
1 7273
1 2111
1 12429
1 14689
1 13259
6 1023
13 3144
67 179
36 123
1 8387
8 3496
12 2486
13 1947
14 399
9 2410
1 12288
22 815
11 1107
14 958
18 1204
7 1096
27 329
5 4898
44 737
9 3085
2 8488
32 601
9 582
21 74
18 2251
114 181
11 377
1 10020
5 749
4 4251
2 9478
13 1891
2 4830
10 2962
34 1138
96 229
10 2554
19 888
15 1518
5 886
7 415
14 807
13 644
3 272
10 2410
7 4892
3 799
15 1199
2 8757
11 393
5 3309
59 198
26 1252
27 1340
24 1366
2 1958
1 5537
17 174
3 3908
11 360
1 3251
8 3586
3 744
10 1106
6 3282
16 1283
75 171
26 280
12 2187
8 4025
38 109
27 1452
7 2296
8 2606
29 1230
53 712
4 5204
1 507
5 1598
59 633
4 7128
5 352
40 836
45 769
15 1516
26 1329
11 991
8 2976
14 55
3 220
78 150
26 384
3 2659
58 377
2 1843
7 368
21 731
60 153
1 406
16 71
1 9491
82 167
13 306
1 16991
1 2549
6 5567
1 6748
31 1132
9 3215
1 5263
17 817
13 1876
1 11517
19 367
21 2059
46 541
20 2069
25 101
45 865
80 224
3 1524
1 1264
18 296
2 10355
3 3264
3 2678
18 1989
1 2960
38 235
6 179
1 6033
135 151
138 145
119 187
10 452
119 130
41 480
10 1460
32 1297
4 2803
6 2762
8 1849
35 499
33 122
1 8266
16 237
2 7898
1 8385
4 5286
1 1919
9 1569
53 649
6 2706
47 818
21 1773
25 543
1 17356
1 10989
81 330
1 6151
25 382
1 13332
1 9008
61 382
1 168
14 2950
2 3203
5 605
4 6134
19 1912
1 6369
2 4352
102 180
45 549
3 4677
17 1054
87 185
7 4839
5 4264
68 402
8 4492
3 7489
42 766
1 17264
6 2834
6 5499
1 9597
27 1226
6 3396
2 7200
77 381
51 288
21 136
24 784
11 2596
2 4004
1 13880
1 4034
10 359
2 9242
12 2602
81 277
2 4209
3 4892
1 14918
100 153
27 118
5 1653
7 506
13 567
27 1505
92 175
58 76
29 75
8 2096
13 2231
53 313
85 220
3 2143
133 139
1 4619
4 3668
53 739
118 161
6 1972
28 194
21 559
5 1349
14 748
62 473
14 278
1 6189
2 5089
2 1995
2 10513
4 5748
79 139
23 1411
42 54
33 569
41 74
34 661
28 1256
26 469
36 300
12 2825
1 12903
35 1295
12 2573
54 549
1 735
4 4054
34 456
2 5364
1 8833
1 11977
19 318
19 466
6 4994
7 4250
2 1207
7 2896
3 3926
4 5629
34 1125
89 96
15 1878
27 1636
2 4870
1 9319
11 3316
1 1427
61 614
2 6689
2 6510
11 1116
12 2293
10 3597
49 554
1 1866
19 1845
4 2670
6 4630
86 180
30 370
20 1087
16 1556
14 573
6 2693
5 5194
7 8
7 1327
2 2200
63 187
37 398
1 3778
7 3418
52 671
1 17141
2 3368
47 724
67 415
1 353
37 680
4 1296
22 258
1 13712
44 452
2 3583
6 5041
1 13857
22 300
5 2273
20 1756
1 10405
43 723
1 8405
22 73
1 4172
19 168
29 1163
5 3410
1 578
71 120
9 24
2 2863
28 525
49 225
12 588
9 4244
11 2812
4 3514
9 2664
1 8141
1 10317
6 1414
6 2082
1 11539
14 2873
1 63
57 585
85 342
4 5745
9 2559
8 377
23 292
37 1103
26 111
25 987
44 347
9 1555
24 342
2 4427
17 322
16 901
34 805
7 1146
12 725
9 2332
20 1749
4 231
51 499
12 529
45 847
3 5139
8 209
13 1068
2 4681
3 1032
60 355
72 427
53 764
14 1308
37 1028
1 1280
2 9271
6 856
61 401
1 1013
73 431
96 200
2 8350
6 1088
14 1352
1 3599
1 14087
2 3243
31 1242
23 1458
71 394
1 3403
10 3013
1 3900
1 15498
2 8891
13 296
1 11060
3 8355
16 1337
36 1155
16 1190
7 4091
35 761
1 11100
21 761
27 461
8 4540
37 751
4 934
32 1164
1 13929
2 4331
2 519
82 220
42 766
14 1575
1 5310
79 182
28 1268
3 764
124 149
30 422
19 931
16 182
1 16713
29 207
26 1347
33 591
41 683
1 7934
2 1080
33 879
64 80
1 8847
3 7531
21 501
27 94
17 1375
3 4758
2 6571
1 11434
11 2898
4 4567
5 4600
41 850
1 9924
25 95
5 2871
102 269
9 871
39 881
1 7653
39 933
44 814
11 3575
35 1001
19 1097
24 503
7 2602
15 683
103 172
1 4767
2 4458
5 4016
8 1742
20 1210
22 1549
33 1270
18 623
1 15625
21 1962
17 1181
5 876
55 310
88 323
5 988
66 460
31 1284
2 7119
5 2080
7 2549
1 2274
16 2214
44 382
3 6146
8 3724
39 922
2 8135
2 888
69 454
3 2210
42 641
46 361
3 4403
14 191
8 419
92 292
1 15913
20 269
1 4548
7 3740
10 1670
15 418
4 6949
9 2874
1 1174
1 926
1 7905
74 335
40 1023
8 1324
3 3240
21 1591
5 4200
61 478
4 4671
54 267
1 4267
13 2386
30 308
6 3142
2 210
8 3736
3 4828
5 6064
6 3085
41 296
9 1381
3 8222
22 2013
18 1051
3 3801
9 2043
6 4185
14 299
1 2142
3 3952
44 119
20 1983
5 849
6 1034
45 267
18 148
34 821
17 174
2 8231
1 11423
25 315
20 1848
5 120
2 10682
16 2525
13 109
29 1529
1 10239
7 2149
4 225
5 4181
78 258
3 3258
2 3122
16 2038
36 1052
31 224
2 10054
1 17278
1 5524
14 1406
1 11301
1 9981
1 16141
19 1682
3 3568
20 143
27 227
58 240
6 3711
1 13510
7 1103
51 77
3 4072
54 658
2 9336
38 939
1 15522
48 64
77 138
24 763
2 1332
19 2137
60 627
2 5878
8 1293
1 6927
2 9048
44 423
2 4866
1 5099
5 5829
22 401
1 4192
1 6317
32 128
1 12592
1 6320
39 350
13 853
5 3995
3 320
32 1110
93 219
43 110
50 456
27 1142
1 12045
26 510
2 1115
16 627
2 10669
13 2598
17 2398
1 1635
8 2903
2 4817
6 1058
62 476
29 763
32 186
105 212
1 16094
32 1155
6 2054
52 132
49 394
73 198
60 204
12 2412
15 2230
50 180
66 469
29 1207
7 1243
41 360
2 2345
14 2854
45 159
1 5550
6 2317
67 214
5 2105
9 2139
1 16966
5 4064
17 2272
53 378
4 6285
47 511
26 1227
26 425
1 1535
6 5582
9 3402
12 1362
25 374
40 841
51 440
1 8334
1 11478
2 410
1 6887
45 951
25 1672
17 333
58 59
2 8676
4 2787
53 437
21 2037
1 5149
34 513
4 5189
14 1988
19 538
2 5524
112 183
28 1197
1 12473
2 1043
3 7331
111 192
34 744
1 14249
2 5922
2 6489
4 349
1 5118
10 2770
70 326
26 887
2 1916
27 1649
2 3944
6 1085
31 262
14 1210
3 3981
1 7018
1 9532
17 1978
24 1488
16 1938
47 593
11 561
12 3156
6 2318
13 1121
1 13999
36 926
2 3037
1 7426
15 1403
53 416
2 7750
1 12809
21 1111
7 3451
16 2134
3 4539
26 629
29 844
26 1442
18 1640
59 407
5 6331
9 3798
5 1383
6 104
26 190
3 114
2 7611
2 2592
48 438
8 605
103 158
22 470
5 301
5 5077
33 922
44 940
1 13502
25 292
2 3923
2 39
14 1285
56 547
1 13937
15 2332
11 3419
14 2365
40 425
5 5837
1 1866
32 318
7 2390
76 364
3 3016
75 85
1 11781
1 16077
3 7077
1 14513
4 2104
47 281
4 2826
24 286
19 1881
85 129
32 1250
15 532
75 190
7 2671
12 799
1 14623
2 4597
18 2100
2 8506
8 752
15 1214
3 3330
33 371
9 657
2 6938
1 11751
11 1144
9 484
17 758
12 886
55 193
4 5134
1 14704
5 21
9 26
1 7790
62 118
2 6106
17 983
32 630
1 12450
4 6146
1 4571
1 12536
4 4984
113 165
2 4371
50 808
28 1597
52 640
116 210
34 747
1 10161
39 220
1 14624
21 327
9 2968
41 292
75 279
5 3733
1 16787
6 2801
2 2078
31 416
3 4428
8 3229
19 751
22 859
1 633
53 316
95 140
3 1414
38 188
63 110
60 507
81 84
57 687
70 506
24 160
87 135
12 2864
71 327
24 483
43 950
28 1428
1 4984
7 1056
21 305
3 5417
22 891
7 1176
16 2164
2 10563
3 7397
7 2673
8 2842
33 465
6 5338
2 10404
8 2830
38 474
3 1090
1 1026
22 674
7 4110
23 1238
2 7238
8 3805
115 150
78 114
13 2002
10 2233
2 2670
5 1130
19 1350
1 1893
1 14984
2 609
4 28
8 3842
3 4114
6 4824
8 739
2 8377
25 1775
6 5004
9 289
62 565
7 865
2 1474
2 8436
4 7090
117 195
5 4200
88 234
2 663
1 12900
36 315
3 1568
1 11628
4 666
21 1246
1 10223
14 112
28 905
30 194
11 2101
11 2072
1 4765
141 142
30 1473
1 4996
3 1801
14 2643
5 5692
14 1947
57 168
17 96
12 2524
1 11611
2 9933
4 6866
39 1063
71 427
20 2006
44 71
101 200
53 721
33 174
1 522
1 5894
1 12605
1 3633
15 705
1 11591
14 1969
12 2617
8 3825
9 2416
23 1450
4 3232
4 2289
1 4367
77 168
1 5090
3 2423
61 296
4 6024
42 156
28 40
3 5740
24 1496
5 4708
24 910
60 456
6 2379
24 251
1 17471
28 968
2 4060
43 992
12 1612
12 469
8 2555
1 10826
32 1273
24 619
1 9748
1 10773
2 3084
22 1472
53 55
18 2373
31 963
14 702
35 1284
4 6784
5 3894
25 374
14 643
1 15672
2 9352
55 152
9 2611
1 2476
49 508
43 260
8 2071
1 5616
32 69
68 442
29 236
6 1843
9 690
1 7934
1 13706
120 161
3 551
8 3563
2 9848
2 187
65 323
46 829
14 544
13 2985
68 437
34 558
27 480
58 102
3 6361
28 1154
32 1125
11 3539
1 10034
11 1811
19 1006
1 2407
1 6767
31 325
1 11597
3 3566
1 1170
22 1622
15 156
6 1117
7 1735
5 1808
2 7759
94 164
3 1670
74 163
4 1201
5 4039
4 6938
3 1582
10 133
2 3104
1 5749
24 1342
24 227
45 420
2 2673
7 1991
85 178
1 6400
1 5164
119 171
1 7782
98 266
8 1646
1 14979
3 4331
29 987
104 159
7 2039
35 185
22 2021
40 342
1 15266
37 726
1 1573
50 508
2 6349
6 1157
38 594
10 161
1 10135
1 4280
4 6321
41 339
23 866
41 473
76 430
28 775
2 2833
20 1133
49 825
48 862
6 482
2 10168
48 612
8 900
3 722
1 10210
11 903
1 4942
4 5911
93 149
1 4770
4 590
27 1190
2 1344
16 85
1 13066
65 576
4 2376
68 146
25 870
2 3093
12 2807
3 5925
1 17178
26 123
1 3560
1 575
53 288
5 2370
20 275
1 5675
33 1065
5 4968
2 2651
133 161
85 341
10 590
1 1801
116 145
11 3294
1 6667
12 812
1 8660
7 1497
26 1627
5 4068
17 1727
14 1341
3 3617
38 959
1 5312
1 12574
2 1529
72 418
36 500
5 4507
6 5250
53 468
2 10093
3 1017
59 356
52 346
65 469
10 1147
15 1283
6 5356
2 6871
1 298
18 2251
9 570
9 2105
2 8844
9 4022
4 4126
10 1036
3 2328
35 524
100 201
19 1777
38 994
3 8089
1 8511
1 10943
1 11779
40 990
46 875
55 113
1 14326
1 12749
5 1136
22 63
5 4709
8 607
25 702
5 6293
51 675
69 383
1 5732
1 16904
35 1187
1 13127
7 4040
1 4221
90 162
20 911
17 2218
6 377
1 3305
1 4335
1 16544
1 12473
19 1435
11 1090
1 13428
105 198
6 5443
2 7745
63 219
1 3629
3 6317
13 478
3 5938
7 3314
7 4009
2 726
52 344
28 1013
3 1505
2 1350
1 6689
90 226
10 1586
8 3963
56 323
16 1339
2 3678
19 2040
11 3409
8 1955
27 449
13 376
5 507
28 1592
42 229
4 3673
25 1416
40 655
2 1484
5 4111
38 479
45 204
1 10164
9 3346
1 8959
4 365
9 2776
55 542
89 95
11 1172
4 3751
1 16830
5 2323
58 88
15 15
1 106
5 367
9 3759
3 1789
5 4952
50 753
40 989
125 137
7 322
3 1055
7 2934
9 2849
37 965
43 625
10 2694
17 2122
7 3647
2 3559
2 9764
8 3458
21 1256
2 5718
1 5987
29 1107
1 10998
11 3267
5 1486
2 6073
22 713
6 4483
1 15112
116 178
125 188
82 373
5 958
1 8409
25 151
34 896
75 147
1 5484
4 6336
22 837
3 6837
12 3334
108 118
1 1465
13 1877
5 3616
88 232
1 13627
14 2272
9 1475
21 2002
1 9017
1 7097
15 1245
3 719
7 5012
10 2937
3 5072
13 2800
76 206
10 2443
1 16233
2 84
7 2670
91 277
2 5829
4 4843
3 4789
10 2798
11 1443
48 216
13 92
125 145
83 114
1 16861
43 197
1 17362
4 1618
1 10391
6 2000
41 557
6 4524
1 2444
78 214
56 501
3 6033
14 2902
19 79
10 120
8 3957
30 232
2 7258
11 1506
11 1392
20 1192
1 6269
1 4754
19 1875
2 5582
14 168
49 801
3 6617
5 2517
25 294
5 1368
90 202
4 5418
48 502
3 1880
1 12249
12 2150
6 2011
21 637
9 4062
2 3631
13 620
14 1646
1 62
3 5156
5 1561
1 14387
1 3887
27 1090
76 319
12 1387
1 12807
20 818
11 2733
26 394
3 3370
134 146
26 620
13 2893
68 168
13 2411
1 9148
10 2789
3 5125
76 293
33 1038
57 665
1 7020
19 1075
32 403
22 853
29 219
1 15398
1 15383
60 273
70 341
8 3902
73 308
3 1725
6 5261
3 4949
4 1850
11 1855
35 147
2 7829
10 2533
1 4951
1 15292
14 423
105 112
97 289
16 2346
1 10806
91 263
14 1727
10 2452
10 1100
1 12703
6 1801
15 2116
23 1659
16 928
48 652
48 759
70 508
20 1136
27 75
18 1797
53 373
6 1425
2 9568
49 819
15 776
2 8963
41 1059
11 2925
1 11013
4 2450
1 13774
62 488
5 625
4 6620
12 294
80 320
5 4316
28 160
31 1439
1 16648
70 439
8 4282
1 2179
26 1715
50 495
8 1504
2 8747
54 141
1 8098
20 47
5 4763
2 4440
1 6651
6 4888
5 1588
6 519
1 7465
111 151
13 358
13 915
10 492
37 229
1 929
36 852
1 8412
2 3105
20 1227
7 1622
10 1683
1 9157
23 40
1 5028
1 17208
1 4595
35 1266
1 12950
35 1235
22 486
2 10385
24 1796
6 2446
7 1308
33 1238
106 119
2 10534
41 510
1 3523
19 452
11 2728
1 11635
68 195
1 5209
3 6783
3 3092
1 9119
7 3050
4 6901
5 1695
3 7296
16 395
65 275
90 93
22 1463
82 352
1 714
13 152
105 243
30 788
7 2193
1 7887
2 3042
1 11891
1 7965
8 2093
23 1844
45 296
37 324
18 83
4 4716
10 2467
2 8906
1 15364
30 565
67 161
6 1222
20 1508
1 14942
1 5859
114 211
10 2864
6 865
61 422
18 1712
100 281
1 8411
38 49
1 8017
3 7268
2 889
1 10020
16 571
2 8793
21 1261
6 1606
26 279
3 283
1 5122
1 16744
19 1293
1 15174
36 392
80 362
89 216
51 279
48 282
2 9267
2 3081
19 1517
17 862
55 155
24 1405
10 3214
46 219
1 13225
3 1650
2 7281
1 7984
36 361
24 254
1 3137
57 76
18 635
41 388
11 3248
7 4237
10 2262
12 1856
12 1894
47 182
21 957
13 1731
6 4986
5 249
2 5057
46 757
1 476
29 1524
60 351
14 90
2 566
4 5014
54 325
65 168
26 224
1 16942
3 957
1 9041
8 2934
9 147
99 156
1 5869
27 261
1 15774
2 2979
35 802
35 903
24 571
1 5657
1 11635
16 2213
2 9904
30 1405
57 356
2 6916
56 452
3 4799
5 1227
23 57
72 314
1 9870
21 547
49 203
2 3007
26 1491
11 283
16 878
12 1553
42 869
2 5520
31 1308
2 174
5 5962
35 135
2 6473
38 247
20 285
81 259
1 13363
17 2421
13 522
3 6839
6 3735
3 8123
52 775
4 3279
29 106
9 4082
52 491
8 116
9 3502
25 386
21 2025
6 2434
3 4928
17 1770
54 250
30 803
24 504
2 8436
65 283
1 16678
3 2030
22 1172
70 213
8 1967
57 97
1 9220
31 1449
1 11980
30 756
28 626
21 624
11 3393
1 12738
31 362
27 1060
23 884
11 671
74 93
8 1016
1 10814
2 9409
23 1329
38 49
3 318
29 1357
32 979
23 316
17 316
40 120
25 1708
2 1672
2 1807
1 6379
2 9690
13 2559
13 824
2 5543
42 49
16 482
3 261
1 16392
39 258
11 1465
6 937
4 1923
12 2381
14 1628
1 6726
56 76
92 287
16 512
19 1458
13 1018
3 2927
20 284
6 833
44 437
1 3822
24 59
17 587
18 756
1 3855
2 1103
1 8999
1 15786
28 1292
26 667
10 3723
36 101
77 135
125 164
5 579
49 547
2 3831
8 1046
2 9370
65 288
43 539
9 603
1 9123
12 1858
1 15022
53 415
69 171
1 12845
43 332
1 7859
14 1363
39 1034
40 589
37 208
43 1004
3 6417
11 621
1 4665
7 420
40 94
2 3867
48 590
14 537
8 83
1 13715
1 15812
6 1660
6 4803
1 2673
7 53
2 4712
2 7434
32 984
1 16151
23 1822
22 1657
1 13040
1 16052
50 708
3 2062
8 472
6 2220
6 272
12 710
14 891
5 5971
1 9984
6 4214
4 709
18 1709
1 16181
7 418
1 8463
1 5362
27 704
2 4036
104 176
4 4616
25 1190
44 818
24 179
19 38
68 221
1 4890
91 91
20 2032
4 3773
29 599
57 632
1 7194
1 4053
1 17106
44 505
1 13802
78 343
3 7366
3 674
22 585
4 6558
1 10254
18 824
3 1746
55 200
64 539
1 3310
40 1018
21 125
18 2084
3 1072
75 90
2 8053
1 2280
9 1996
28 1143
5 3906
5 4382
3 6503
7 397
75 183
7 1802
42 880
2 6737
22 1346
1 6537
5 4300
3 1056
1 13249
11 2930
19 85
1 3593
4 6084
57 520
2 7525
33 738
88 256
97 141
19 1621
7 619
3 1650
49 162
3 1460
82 268
1 12100
8 1770
102 108
21 489
13 1034
1 13873
4 4578
37 104
12 415
1 4874
12 480
5 3902
1 6733
4 3169
57 67
1 7468
5 3341
2 10316
1 3239
25 1492
1 16832
9 4169
1 16316
84 283
125 183
12 1238
2 3146
19 81
9 1395
1 9946
1 16244
4 397
2 1027
42 376
1 11268
46 704
10 2349
1 827
3 2263
39 749
2 2336
11 577
25 733
16 374
99 228
6 578
40 639
60 614
12 3001
9 1479
92 202
18 1272
10 1527
37 492
1 2633
3 6215
1 16567
40 929
53 625
4 3272
1 2478
3 4551
72 388
4 1392
107 185
40 604
1 12291
25 1656
11 2594
1 11877
5 3311
59 152
51 198
2 535
1 11158
1 1987
4 5474
31 449
5 886
1 7568
12 1039
2 3475
18 1200
1 527
6 1694
4 4654
2 1991
77 330
6 1526
16 1337
53 307
99 200
6 3792
37 1176
36 568
18 2071
1 7871
5 550
7 2125
11 1919
1 1251
10 1003
19 345
8 3648
5 54
19 1297
4 4351
4 6247
123 173
16 894
128 139
13 512
1 6767
7 551
2 10518
62 358
52 305
7 1741
1 5641
42 889
3 3100
15 1649
34 1221
6 4067
1 1067
1 7366
6 5599
12 2684
13 2193
1 13231
50 645
19 2005
75 209
8 33
5 1331
2 9340
10 2844
30 665
1 12779
1 5965
1 11023
22 905
1 3152
95 219
1 16169
40 650
4 6183
4 6367
1 354
48 413
35 492
53 724
20 352
7 1431
7 3765
1 15580
2 4124
15 1452
23 217
5 2878
1 7395
5 6137
1 988
5 2761
32 293
36 849
13 1561
8 1075
6 5484
2 6790
1 8028
3 5836
1 16005
1 7761
1 13314
60 578
9 3629
3 5231
20 1673
9 13
19 1149
38 1094
1 6546
85 188
1 7134
24 568
5 3682
3 1254
6 5252
2 1812
2 2476
9 671
5 1297
1 4911
9 3004
2 6497
28 139
1 7095
13 2665
139 139
3 8033
8 601
101 206
12 634
1 14518
15 1427
26 577
10 1748
42 231
28 216
13 1061
1 9956
5 443
51 155
5 525
63 580
13 3055
4 659
1 5904
69 326
1 9646
48 609
6 2013
45 919
18 1838
1 9470
38 311
2 4236
6 4444
13 1270
16 516
22 718
47 327
4 3048
38 597
1 9858
1 11687
17 1604
30 919
24 699
3 2506
7 446
82 380
20 1669
3 8383
5 838
45 282
1 12271
1 784
1 15390
7 4739
11 3479
2 6101
14 1329
1 14091
33 1115
3 1730
1 7710
12 3012
1 3797
2 7410
9 1838
29 396
3 4792
42 1040
3 8283
1 9527
2 9903
12 1716
78 223
1 15549
34 733
5 2344
27 1528
7 3631
41 535
50 330
1 17453
25 1560
2 4498
23 1362
4 1711
26 1658
8 3599
23 1691
1 1882
2 7004
47 451
7 3987
26 278
22 790
10 236
1 17328
2 396
7 4342
16 992
54 376
7 1044
13 1075
41 213
1 15647
77 323
22 1448
30 828
