90 82
34 7
46 15
96 9
55 32
88 3
54 42
20 8
67 63
112 9
112 47
213 1
85 70
35 26
93 60
122 28
69 34
93 69
63 9
61 32
70 23
79 17
83 10
103 96
105 46
51 26
1 212642
1 215710
1 293848
3 75121
23 5998
5 51191
4 16214
1 346034
2 151986
1 443309
1 261483
1 441073
1 150543
7 21529
6 25908
17 21433
2 171436
8 40959
17 4529
2 120578
1 152362
3 58273
30 3595
1 34958
1 314433
2 144556
1 324342
9 22063
1 270521
4 78985
2 182186
2 176829
20 15859
21 14477
2 30793
1 301498
2 177183
6 61629
3 75744
1 352529
7 48114
2 52637
1 289751
1 17575
29 7062
4 76418
6 43276
2 110067
2 124722
1 300623
1 147254
2 149000
9 14578
2 34165
13 20812
1 130290
1 37090
16 2344
2 63568
4 28543
8 51411
1 134354
2 182816
19 2339
1 190558
1 352374
1 450575
7 20405
2 46738
2 161999
91 242
1 82056
9 22028
1 389749
7 42412
2 223647
2 184079
5 38235
11 27090
1 43593
6 14274
2 30522
21 7298
47 1698
5 23621
1 124345
8 53041
1 278105
1 188113
2 216907
3 63897
1 30855
2 220000
20 10907
1 16428
4 8295
11 13671
12 26220
2 111824
1 370230
2 183776
9 7642
11 25052
4 20950
2 195874
5 33896
30 892
12 12300
4 11661
8 48000
4 108524
1 291699
5 61395
3 39722
4 24982
2 70950
2 203412
6 67203
1 241974
6 71246
16 19034
33 3538
1 392805
1 386841
2 128168
19 14681
20 6150
2 59841
1 82126
1 138851
2 222694
22 13316
2 79345
1 437539
1 256179
2 169391
1 273469
37 532
10 15892
5 78019
3 51887
3 91341
6 53025
11 25420
1 445601
13 19196
3 8024
2 36044
17 2387
19 15031
3 24203
8 27683
1 226666
2 179972
1 90105
90 248
2 9439
1 354840
3 70095
4 91643
3 152258
22 2860
2 121233
1 327742
9 43349
1 165189
5 22033
2 125440
3 16859
1 404929
22 14988
1 223732
33 5031
26 3061
1 56662
3 142937
9 21125
5 43069
15 5643
7 47813
1 179257
2 230233
6 67956
1 405097
5 78249
11 9393
3 111767
3 82404
2 144438
7 52384
1 13878
1 177649
1 320261
27 2513
1 327183
15 4752
1 226138
5 46946
1 201850
11 21791
2 115
5 67026
11 34154
36 3040
28 4615
21 10176
7 62045
1 348023
43 1512
2 141547
2 131873
2 47169
1 7662
7 11255
1 370337
1 182751
9 25244
3 114999
1 322821
23 10026
34 5915
1 147599
23 6837
46 3641
1 335427
37 5930
17 13223
1 398340
1 310915
2 134241
5 54396
29 906
5 87774
1 231756
1 311687
71 438
40 3720
11 4384
3 127564
3 83502
3 8312
2 227764
1 404793
2 180191
10 1755
10 23780
3 97959
1 110992
1 45455
4 68506
3 68632
1 33973
31 7452
1 164453
54 1921
1 416224
16 16625
10 6707
1 130187
9 25975
1 388013
1 439280
2 35916
1 24916
1 439674
1 228161
1 201769
14 1586
46 2540
34 4952
1 130303
1 449019
2 237927
6 27033
4 79852
16 7695
7 11534
6 46090
58 1603
1 456098
1 269134
1 129888
2 9832
1 78260
1 312636
1 24612
20 6606
12 10826
2 136139
1 17692
1 283998
3 142821
41 1912
24 2188
35 3593
2 213834
24 4507
2 17476
1 19025
4 35925
9 14428
36 103
3 48637
10 20725
32 5809
1 378576
16 5028
8 42548
5 70567
1 296378
18 5294
74 438
2 212637
8 3122
1 181310
2 131039
1 185714
7 20712
2 184508
1 416541
1 439368
2 198397
1 246465
1 69958
1 235930
4 56871
1 148388
1 343639
18 17453
1 369546
5 22918
1 300981
1 268655
4 81600
27 8695
1 48815
2 207979
1 247043
1 150360
5 68317
25 7512
19 855
1 369231
53 306
4 54320
1 59616
30 7407
1 260121
14 3470
2 179291
2 162097
2 239844
8 45709
3 3320
4 4387
3 84379
5 817
12 32431
2 69237
1 339478
3 123213
1 445287
4 41197
2 175112
1 288499
1 331738
36 4704
1 134955
2 14709
26 7863
32 6078
1 300306
1 225295
1 158662
4 90454
3 80367
1 423877
6 54287
5 79421
2 100912
1 445280
1 173185
8 33039
1 235892
2 34242
31 8650
2 237236
1 163785
3 99442
8 35716
5 62323
18 11655
3 80440
33 2086
1 273800
3 22568
2 17786
1 336045
1 10707
1 282658
12 31286
1 44885
2 174149
3 51587
1 384232
2 177478
1 226929
1 370628
1 251163
28 2283
12 31024
2 100565
2 101177
1 415277
8 12261
4 110343
1 300397
2 175747
1 66389
5 85679
1 45499
13 4125
4 43172
3 130688
9 33289
1 388071
1 321190
5 1052
9 34520
2 129103
2 195175
10 5084
14 25696
9 16306
18 13785
1 167547
1 427886
11 13719
7 25568
1 194735
4 114479
1 346336
1 404700
4 79623
1 24969
1 171891
2 18691
1 373365
23 13474
7 61378
1 383831
1 362191
2 141770
1 15267
1 244639
49 1170
2 93474
47 3614
2 104333
3 81615
2 118807
4 35542
20 7209
3 154687
1 375841
1 189172
3 70213
1 434621
5 55159
1 62786
1 123747
2 68948
9 27625
3 38069
1 104454
6 49652
20 9515
21 2463
1 196015
5 15678
1 447479
1 142941
8 19311
5 52575
1 249882
2 218242
2 169094
2 28026
1 101786
3 4477
2 118534
1 371791
27 10592
23 4309
7 2078
1 164646
1 327336
3 82204
6 53136
1 421705
1 49573
29 6823
1 301440
1 49165
14 13595
6 26189
1 305125
1 47825
1 255337
1 393970
1 147347
2 123536
11 3597
5 32305
2 186975
3 89245
1 126300
4 21594
17 14159
1 100804
1 102803
3 76899
1 163984
30 7962
1 147093
2 212399
1 209196
1 135665
2 210494
4 40406
2 19021
1 249547
10 18143
29 5097
1 128971
1 172865
8 13570
2 20886
28 2676
1 158858
2 63663
45 1832
1 203152
36 3123
1 264940
1 80767
1 395358
8 35947
1 441957
1 388210
1 149651
18 1923
10 16183
1 387247
1 371753
1 186245
1 101509
2 170391
24 7303
9 34053
10 9360
22 3728
1 390704
12 6592
2 147149
24 8801
35 1495
1 233047
3 5542
4 96628
1 4428
1 297215
7 21999
6 34919
1 120413
1 278372
5 10192
2 57534
4 51445
5 505
5 67426
4 65674
1 120059
1 319501
4 93489
1 408460
1 122915
12 13708
1 73156
1 133081
7 2623
1 163288
9 10130
9 7136
1 3331
1 281963
1 29857
1 346015
1 32876
6 19812
1 143798
2 184534
1 369113
46 3952
1 262411
4 81423
2 140022
15 15800
1 454333
4 102867
1 145303
13 829
3 14469
1 291334
1 450432
2 131870
14 10867
1 443821
1 21693
1 433875
2 198895
9 5114
20 11555
2 194408
15 17676
2 81227
1 348837
8 9547
3 24284
1 147968
4 34000
2 205234
3 31611
33 7369
8 9872
1 299865
4 34796
1 160707
1 152748
6 54273
1 316905
2 146043
2 115215
5 38556
15 5691
13 5777
5 83744
1 367912
1 39872
3 70739
5 79433
3 122831
1 392522
4 67931
1 114793
3 74518
2 151113
1 335016
2 237185
2 35505
43 1343
35 5520
1 333817
7 30248
15 19885
1 337266
42 3803
44 1995
2 88958
7 31719
1 54958
1 431900
1 446924
1 110042
3 121184
3 112231
2 41563
4 48895
1 26702
2 240165
11 32983
5 8765
7 23733
5 42232
5 86352
23 12771
1 301034
11 26336
1 456383
1 153299
28 2031
2 183076
2 70138
2 222619
1 238570
1 143070
1 41080
1 120576
10 26341
1 141411
2 25631
3 126609
10 20577
1 52748
3 91288
5 26054
3 108726
1 343959
1 68957
1 320296
3 9131
5 19730
28 4570
31 263
27 6782
2 83077
9 10218
1 169721
3 25256
1 146470
9 3539
2 105759
3 142977
22 11398
2 201099
5 40653
8 34316
23 14238
1 379135
3 93100
21 5262
39 4616
1 375380
12 14413
2 44306
3 9963
25 12074
2 38460
24 5097
1 229882
35 1431
9 43464
1 58990
2 32454
1 407927
5 61418
16 18664
2 222561
1 163607
1 301858
6 4186
4 5107
1 135874
79 167
3 148987
2 122099
1 422583
1 6304
15 9705
1 393738
2 235734
2 154534
8 52088
1 350095
5 67970
3 21137
4 97364
1 412666
14 23424
8 4255
1 77299
60 447
2 115595
2 78610
9 27392
1 54720
2 204768
11 11482
1 382213
11 24207
3 139288
2 146092
1 287788
1 264929
4 95339
1 96351
1 25174
1 206104
12 32407
23 7583
26 9878
1 45907
1 318166
2 136527
1 171085
1 155640
2 100722
1 6252
7 2882
32 4027
1 199727
13 20612
1 227100
5 39552
4 79120
9 16224
1 81339
1 86390
1 351399
5 23989
2 226130
2 27277
9 2062
1 77106
2 127485
1 317768
4 56488
1 85792
1 71649
1 249955
4 17609
8 35392
14 7545
1 354019
7 27369
5 55578
10 31658
2 28719
6 64473
10 33191
1 82223
1 364511
1 303636
3 116479
1 364879
1 190122
1 402275
1 287404
24 3982
1 109344
6 44528
1 409853
2 11648
2 153479
3 37318
11 34439
3 153777
1 314808
1 193090
1 56521
4 70764
1 400060
22 13860
2 211840
1 53786
9 38224
1 340518
2 127878
1 32162
2 37113
1 46413
1 144965
24 6652
37 2609
1 170499
1 257147
1 272616
17 3509
1 7572
19 607
11 30929
58 1764
3 28645
3 136601
2 78803
3 112785
44 2277
4 15919
1 187804
2 212600
5 32048
1 64154
25 9061
53 2172
2 69421
1 129131
2 155003
2 199795
1 355054
4 75196
1 36968
1 43324
76 664
1 236686
3 35229
20 8347
38 3426
1 106333
9 22502
1 376935
1 55173
1 254121
1 59083
1 207403
4 106408
16 17934
1 227431
1 79532
1 162379
70 465
1 148839
15 12961
5 43219
1 420030
1 239692
1 439156
8 13196
1 201921
12 31097
9 4601
1 86944
3 86881
3 102974
12 4200
4 95128
1 19226
1 92005
6 38744
1 325906
2 43765
28 74
1 401190
8 7759
2 189446
2 33177
53 1588
3 106656
11 5407
3 111508
1 391669
6 61285
4 93250
14 20376
1 448221
64 1252
2 237250
8 13430
15 21938
38 4073
11 14886
1 8658
4 110046
4 68305
1 428893
1 135551
16 23117
1 125316
5 23728
1 297779
1 1478
1 185641
3 76098
9 6840
1 348684
8 15236
16 2296
9 4039
1 203473
1 435983
1 313536
35 6356
4 24298
1 345140
1 92678
11 18498
4 20933
1 13296
1 390419
2 113583
1 41249
1 15157
2 171555
1 188772
17 3112
2 26214
9 13908
6 62619
41 3466
2 109195
1 424617
24 8365
1 166317
9 29843
7 11993
12 3301
8 47932
2 84509
1 436018
7 55451
52 2895
6 34292
4 104712
1 439244
1 365399
1 48530
5 31343
9 928
1 177052
1 351736
2 110246
1 338224
4 1248
6 53416
1 31215
1 58471
46 2081
3 118743
75 506
1 445266
1 307467
3 35160
13 24709
13 15946
9 35639
2 206633
3 130989
5 10423
11 650
1 101817
1 334887
1 375659
1 13939
3 151015
4 17412
19 4889
27 4127
1 50057
1 151840
2 71022
21 7147
1 95487
1 368338
3 85084
4 79399
12 27165
2 190472
1 260964
67 328
1 156027
1 190024
3 31440
1 384736
3 125160
3 6550
1 371924
3 117960
2 34853
1 23384
1 350973
24 11206
12 7189
2 113098
11 15047
87 238
3 87379
7 38330
2 153678
2 59309
2 104427
4 26296
2 16105
2 34876
3 114073
3 46653
19 6512
1 178691
2 238590
2 153243
1 190129
39 1321
5 48128
1 219812
1 373723
1 335246
23 2064
5 62329
12 19755
2 468
46 1774
2 91349
2 29477
1 275888
1 167857
5 19468
1 37932
1 54101
1 328353
1 88733
1 302263
11 31989
1 263616
1 32075
1 236703
3 4426
1 168929
32 6373
3 127392
1 245166
1 12490
18 6329
7 61921
10 24524
16 13839
1 160616
1 8366
1 268868
1 45685
1 147270
2 34569
2 90612
9 9917
11 4701
1 209307
16 11477
2 99945
1 130169
1 315427
32 2255
4 101315
1 347806
1 185973
1 319363
3 110899
6 38614
2 150118
19 16875
2 15989
1 50947
2 236022
2 134025
1 365036
1 153182
2 168452
2 41448
1 220261
1 110234
18 6513
39 1416
1 82426
1 451402
1 326237
6 59100
16 11001
7 24521
3 144473
7 37897
2 37930
32 2189
1 188211
7 3529
1 254002
21 12157
49 3175
2 7091
4 111049
1 418824
1 252236
3 16677
6 50222
1 358493
1 139291
3 88342
12 25929
2 93261
68 1180
2 51774
23 7327
4 62303
2 218729
1 105472
2 118580
1 162461
2 41503
5 60885
1 416195
29 3340
15 12761
4 67798
3 120002
2 213773
21 55
1 308869
1 144832
11 33872
1 383040
9 44031
8 23535
2 172624
1 70755
44 4200
4 8719
8 1167
3 124833
19 7075
3 138290
1 159976
9 25597
1 421588
6 59882
8 21517
4 9647
18 18137
58 1281
3 73319
1 369090
1 66772
1 155699
30 4590
1 45683
4 97259
2 130235
10 35024
4 85329
35 2426
3 18994
1 85757
1 313558
6 7670
1 318292
2 62461
1 332482
2 8639
1 338389
1 355272
1 147282
10 8626
1 13560
1 142148
3 13159
1 433999
3 45358
1 274172
1 59596
1 40403
6 42932
1 11177
4 54552
1 330910
10 12344
2 36279
2 105548
3 122223
2 140499
2 7166
1 418679
11 10305
68 1232
55 471
2 43987
1 66945
1 13820
11 28762
2 40864
16 1603
2 38755
2 37976
2 89477
2 26200
2 31525
1 82358
1 267315
3 43237
3 17629
3 80171
4 102355
43 2442
9 38049
1 417084
2 57008
1 444652
12 9851
9 14486
1 275288
41 4136
1 356080
40 2919
5 23242
21 9560
1 160868
3 117449
11 15586
1 179084
1 151952
22 721
1 294261
51 1445
1 289448
2 60152
8 20888
17 8172
13 25806
8 35392
18 15030
3 156906
31 5184
1 214932
4 82621
14 24080
12 4708
12 9609
5 22216
1 201086
1 71010
21 393
1 402821
6 45285
1 353169
4 69920
1 93531
9 14336
6 69573
4 42984
9 16748
18 13997
2 58177
1 444605
1 220608
17 6070
7 1485
4 91314
1 140874
4 89938
2 155487
2 210623
1 192195
7 59980
54 921
2 129972
2 6198
2 80199
7 50516
11 7482
9 13763
2 1354
3 3429
16 3004
1 332918
1 405895
2 18893
22 11482
3 3670
1 335911
29 5888
1 224342
2 64710
1 412052
1 32414
5 1293
1 300366
2 177178
24 7178
2 19414
1 118179
2 52758
78 495
2 234519
1 343966
1 351765
36 2945
2 230224
5 4948
14 25730
31 6582
2 135442
4 60607
7 22197
1 433398
5 85955
6 21785
1 204546
1 194036
3 118634
2 59322
1 352507
19 14181
15 3793
1 104736
1 425642
4 57158
2 132441
6 53568
3 119120
4 59466
1 171068
4 111471
3 143379
4 90762
2 81394
1 23499
1 104191
1 280170
41 4524
1 214377
3 62570
1 174533
1 98007
4 90588
6 5413
20 5263
2 211837
1 258293
10 4808
1 388151
2 105576
12 16802
1 357573
3 28065
2 38452
3 152971
5 27434
13 22875
9 34344
3 95637
9 28403
2 118817
1 340975
13 6600
1 178288
12 29429
22 8952
5 84560
4 71450
9 18102
1 334985
2 164282
30 9009
3 92976
42 948
4 9469
2 205354
2 11107
1 380935
4 92796
1 176469
1 23324
3 38115
1 363631
1 437925
1 48596
1 267965
8 15174
1 249239
1 304594
6 30129
1 256705
1 392959
2 97224
4 102365
5 2920
2 146396
2 65738
1 203002
4 36745
26 11175
2 77055
46 91
1 295971
17 17840
13 22994
37 3079
3 60027
1 256923
87 147
3 82625
3 80257
3 1964
1 90269
2 182039
1 295993
2 108247
28 2791
24 12658
3 151023
2 216946
1 381431
4 12352
4 17578
7 20370
4 47034
2 144071
3 98285
1 176342
6 44910
9 32530
22 4040
1 42970
1 112100
2 156436
4 95609
6 66893
3 127363
3 111674
1 143167
10 7323
6 9335
3 72043
1 265453
2 159734
43 1695
3 136940
4 65731
1 177181
2 186769
4 700
32 2617
7 25903
37 3928
1 142606
7 13565
4 78435
2 185072
1 46768
2 147579
2 213291
1 182004
2 148586
23 592
1 435061
3 105016
1 338744
3 16303
1 259807
8 49167
1 362874
24 3335
3 11350
1 111275
8 25618
6 49612
17 8824
1 424628
2 205232
6 42178
19 6339
26 3974
1 26157
38 3149
12 8802
2 80965
25 8926
2 170960
1 21302
3 48634
1 270447
3 155651
7 40888
18 6565
3 42884
42 3266
1 220877
1 3310
1 430409
1 140351
5 43651
10 10585
2 85652
7 10723
6 40321
15 21824
1 113258
1 128468
1 228742
1 201292
4 100076
18 5477
2 198409
38 4243
1 229322
10 15878
7 34136
68 1099
5 87759
4 74777
3 61132
1 131699
9 16868
2 172988
6 27134
2 229570
13 16046
40 3913
6 60417
2 198685
18 3189
2 37199
8 43247
34 5628
1 143457
2 174173
6 7150
1 177731
4 6636
11 27855
3 85656
1 330020
2 82811
4 6570
2 6751
2 225341
49 2922
44 1855
10 13766
1 107946
4 40216
5 76891
1 336733
1 239794
3 118269
32 3528
12 28175
1 52552
1 70684
1 322746
6 43393
3 97556
46 538
5 42307
1 392133
1 308077
5 73140
7 21083
1 455205
1 298981
1 172642
6 61082
18 14202
15 23039
1 419508
1 80829
9 13211
11 35242
7 61883
1 307041
3 86021
3 143494
2 115744
1 154060
1 246316
1 79004
2 37900
2 239168
3 95605
1 401988
2 220639
4 75029
4 95528
1 386088
2 47355
29 9215
2 87476
1 187180
10 28400
15 12113
12 31123
15 13433
10 1626
14 6491
1 99941
7 53146
1 11498
1 347110
1 293853
1 254345
3 33986
4 3867
7 5496
18 17626
11 13148
3 118588
5 56481
3 51704
9 35582
12 24165
1 176973
1 154025
1 455982
1 198075
1 301873
1 57199
2 38662
1 307677
8 15215
1 156800
12 5436
5 27036
11 6451
24 12108
6 29405
6 12358
10 8389
8 12506
2 52482
1 438275
1 43720
2 164925
1 306678
1 406745
2 145073
4 74881
29 9810
1 335255
1 228015
1 264343
3 96250
2 73290
64 1288
4 109245
2 169045
11 4806
2 120140
6 31107
1 289330
2 111611
2 143847
1 35720
2 49888
1 432903
6 20552
7 58803
14 26126
5 19752
3 20504
10 24615
1 141056
7 18208
3 84733
1 174477
2 169729
1 355467
3 102884
3 89986
1 449968
37 5432
17 4120
1 452852
5 45753
2 99051
5 49672
1 244104
2 203667
1 305255
14 11317
1 326748
2 15147
1 189247
1 414131
1 166729
1 165192
1 324117
1 241131
2 3120
1 161170
12 27078
2 24995
1 288443
5 71465
1 452487
2 72192
3 8486
1 130525
15 24823
3 152542
2 212907
3 91720
1 388644
2 136098
1 33261
14 1425
22 11681
1 400347
1 186973
30 3422
3 122201
1 227239
2 48470
2 18827
1 369647
97 195
1 387260
6 52364
1 389733
1 422730
1 432525
13 7941
2 105666
2 64005
48 3223
10 3591
37 2196
2 121043
1 221628
1 423509
2 212654
1 397041
1 102766
1 241148
19 9428
4 44181
11 13876
1 363432
1 225488
1 190570
1 155337
38 2805
1 194760
6 59563
9 14281
2 85360
2 138697
1 16149
2 143520
1 120411
1 130761
1 332543
3 88885
5 16851
1 61959
1 303530
46 86
1 10939
5 15408
13 21796
7 30217
1 288896
4 111906
21 4559
2 74472
2 58493
1 20669
1 112220
8 21087
4 9702
30 1980
6 55449
2 62292
1 174122
1 120251
24 8153
1 313570
1 235951
22 12397
6 59077
1 372391
5 47378
1 157065
8 12563
3 109804
41 2753
4 19737
1 46429
1 69551
1 263024
13 3845
1 257643
4 104128
1 374917
4 46542
8 13416
3 137844
1 91065
5 2584
5 42311
1 158340
9 23483
7 57688
32 3713
13 12195
3 140894
5 36236
2 234823
1 267876
1 95749
1 327543
1 91337
3 110178
6 55176
4 18602
2 113853
2 142039
15 22137
6 16945
3 8705
1 455226
40 1290
1 181963
6 56551
2 186542
1 450035
1 129196
1 334859
8 15411
1 415227
5 85803
1 150108
7 12530
10 16955
1 242717
1 252724
1 343846
5 40174
1 450499
1 337693
40 2510
4 76887
5 39220
3 141359
1 95887
2 83092
18 481
3 8778
8 7205
1 235332
2 135158
2 73493
2 51028
4 46311
4 74130
1 323291
1 151757
1 315788
1 439548
1 133936
24 8202
1 421770
1 263493
2 140384
1 226407
1 445896
38 184
1 437880
1 7446
1 115211
2 9312
2 10109
2 22025
1 92652
1 270396
1 276881
12 1090
5 25548
4 82575
1 350637
1 185958
57 1636
7 34719
20 11408
5 75153
5 53606
13 13534
2 156919
1 336561
7 5589
1 167282
16 20974
1 301612
3 52200
4 81590
1 185779
1 16350
16 5810
4 113502
1 101087
7 19440
29 4378
1 439823
8 5519
2 168155
1 435597
2 69606
4 74862
1 140322
1 354371
1 83169
13 22764
9 37675
1 315187
7 28579
5 58575
2 214631
2 95311
13 25218
1 301021
9 43396
1 227841
2 192803
22 8867
32 2521
25 8046
8 48785
19 7710
25 7693
3 55998
5 8735
44 692
2 237323
1 77245
14 20703
2 39083
2 214761
2 73518
1 117162
1 161432
3 88900
1 435995
24 6725
1 55068
2 122590
10 14200
1 212446
13 11740
26 2734
5 45136
1 94579
7 51798
1 336578
1 259075
1 162852
1 650
2 139552
1 86184
2 133657
2 141322
3 75858
5 59152
17 3768
30 8381
3 99185
2 168620
20 3443
1 304599
9 26845
42 3620
1 43285
51 2798
1 270756
13 1201
1 202701
1 26269
2 180051
1 240451
12 2965
48 2269
2 207717
16 16356
24 10591
1 397893
1 390622
1 286979
1 220472
1 91040
19 1902
9 24472
1 297550
5 46926
7 49105
29 1998
3 120589
3 58740
12 22899
8 20995
2 116935
1 77525
21 6350
2 241708
1 319130
2 8372
1 64955
1 246023
1 14917
1 118399
1 447588
1 372532
18 3785
4 60515
2 206509
9 10020
1 392499
1 92944
1 323160
1 75599
1 42160
1 29627
7 44209
1 69556
6 26677
4 59712
5 66083
3 139973
3 68998
2 74778
2 207431
2 102585
8 30468
1 162556
1 76
7 21185
10 24441
1 373340
15 18420
2 190903
1 120153
1 284471
3 74404
16 17699
13 19569
1 34989
78 614
33 5650
2 59615
3 142458
1 304596
1 88907
1 420828
1 333210
24 6553
1 119991
18 12280
1 240151
3 91248
1 259848
9 15220
1 274241
4 62230
1 80780
5 65957
44 526
2 194969
5 37641
4 71353
1 243561
1 9555
1 343070
16 12413
2 54255
6 59932
5 49641
3 72215
13 16584
1 423446
3 83417
6 16794
5 82314
19 2442
2 180706
16 9262
3 96197
4 63146
1 388236
3 129934
2 240371
21 3652
4 2051
3 91669
9 16741
1 101797
51 270
13 16463
8 27180
1 421960
4 90585
1 176988
3 127973
1 370209
24 6639
1 153973
36 4005
32 720
2 159210
2 168260
1 404241
41 1050
2 134562
24 1948
34 1153
1 224318
16 8752
5 72206
15 4606
1 352448
1 66256
5 59713
4 1983
31 3154
3 118916
9 36569
1 131886
1 352436
5 60904
12 12348
1 437540
2 90707
4 105587
10 24619
9 43254
6 25615
1 452853
4 24053
2 23181
3 115607
5 2842
1 322474
1 255243
6 29958
1 52612
22 7368
2 162792
1 145740
1 37967
7 39812
1 336722
32 7054
3 148148
2 63845
1 314444
1 334852
2 102301
3 42565
38 5714
11 18072
7 21081
2 200906
1 454075
6 15835
18 20229
4 40897
7 19786
25 4890
5 28268
1 369235
1 181764
13 13447
1 225041
14 19247
2 192061
1 320262
23 10310
3 35396
8 46678
31 4707
11 23631
6 5165
1 298889
11 30640
15 11365
7 57636
15 4764
12 9844
4 61806
1 294288
3 6241
7 40965
1 191247
7 8226
2 36206
1 42916
2 92444
1 212899
3 97825
9 11852
7 22180
6 7817
55 1392
4 53098
1 443631
6 32635
4 87509
2 47328
2 201955
1 414703
8 37234
1 203688
7 3805
2 21061
2 129718
2 16636
19 7441
74 723
1 379609
5 5663
1 360553
1 45406
9 33813
1 278721
13 22119
46 456
3 87731
3 142891
14 26486
2 139633
1 364163
15 13740
11 32603
13 17824
22 10064
12 31752
1 53360
1 440281
23 4081
7 10679
15 25626
2 146429
3 14428
1 173464
1 216995
16 7418
5 63406
3 128861
1 389662
18 4961
1 131319
3 44116
18 14797
13 22329
4 81955
9 12453
1 432894
4 69184
5 4797
2 231928
4 51626
2 49147
4 53514
1 253863
5 170
10 12924
2 7082
2 226686
11 26146
1 222722
12 11530
1 260367
2 129191
1 285505
19 14153
1 49674
1 328048
15 19477
1 388124
2 224758
1 316788
1 218597
1 285233
4 65676
5 49178
1 321926
7 21393
13 8459
1 116178
7 57360
2 121036
6 11046
1 335000
2 148498
1 395515
2 116864
2 1615
2 80074
1 355489
2 231529
3 105264
1 322012
37 348
22 8898
7 42513
6 43419
20 14049
2 9041
9 7169
2 106676
1 31426
5 34074
2 153904
1 346990
2 74318
6 38913
10 38774
1 71841
1 173610
1 83165
10 30034
1 38010
15 2366
48 950
1 406407
2 36746
1 71836
1 350952
1 48295
3 80433
2 35902
1 113002
1 44482
7 14417
12 7024
1 24334
1 410493
1 237413
1 225274
7 6926
11 2387
1 8102
6 33704
2 193851
7 14234
3 56217
2 241629
1 213664
2 22013
9 34275
17 4937
1 427669
3 59010
1 252750
20 5215
2 94972
1 452319
1 198265
1 317687
2 8974
5 43410
16 21692
2 54906
3 103468
39 2929
7 53078
14 14994
1 407010
1 445937
1 364917
1 107602
1 315396
1 253920
2 62933
12 25158
1 24493
3 8656
8 31341
3 45176
19 13160
1 334186
1 22857
7 49516
8 39775
9 8027
1 285949
1 72445
2 172883
14 24722
5 27311
1 40818
10 5041
6 45200
2 69929
17 4333
1 28762
2 189652
40 4213
7 47460
16 21000
1 63885
1 7483
3 77217
4 33687
1 366667
1 387018
1 428579
3 149642
1 10503
1 331892
5 18265
1 298814
2 173733
3 148592
16 11007
11 28730
1 278285
2 52420
2 215546
3 14862
12 26490
1 219760
1 136647
2 180585
1 61286
2 15871
1 349985
30 162
27 9221
4 32647
20 3583
1 390747
2 65761
34 410
3 108402
4 49481
13 28610
9 43400
5 29696
1 368628
1 54133
5 75713
3 138667
1 354795
10 27115
1 234048
8 32882
1 26595
1 422348
20 1986
2 106310
1 279274
1 114353
2 41615
17 7580
2 103593
4 68738
1 340096
7 31951
1 268075
33 5019
1 171724
19 17202
3 9476
1 2383
2 25564
4 98926
17 14973
7 34337
25 8479
2 58129
6 45781
1 406653
2 200378
1 345300
3 60970
11 26181
1 107431
9 26213
2 151980
43 2608
1 184058
16 17477
5 83708
2 206756
2 41153
1 218040
1 315935
11 32113
10 4527
13 3387
7 18687
4 61407
1 68370
3 90864
37 4641
40 3969
86 340
12 6456
1 141416
1 306720
1 362213
8 12363
4 79118
1 338678
28 5356
1 1811
3 121444
4 41839
5 5542
4 70811
1 181792
42 621
12 6638
1 332172
2 103244
24 6681
1 193610
6 23134
9 43796
17 21242
11 1506
1 431731
1 238869
9 43961
1 200272
3 66088
3 121612
3 68700
5 34828
1 81978
3 31056
3 81510
1 236848
4 107299
2 241061
1 179636
2 90192
3 131773
1 68625
1 394522
4 63055
7 45311
1 397230
1 323481
3 68141
71 586
1 416832
1 444131
2 55949
1 122039
4 78476
23 12916
1 32885
7 58140
3 70590
20 3727
2 209229
1 294017
4 54863
1 355138
5 1396
5 35573
5 43771
1 189802
1 326808
1 420936
3 82747
19 1806
67 911
4 87075
3 74390
5 11014
1 73585
4 95865
2 103933
9 32268
1 395297
14 18831
20 3146
1 302460
1 369833
1 15640
1 415958
10 9122
1 262989
11 22235
4 42651
5 51787
2 87957
5 48250
30 5558
6 4794
3 4174
5 11280
4 63614
55 773
1 43614
6 26576
50 1575
1 52008
46 2985
29 3372
1 231281
2 42468
11 934
3 42945
1 89479
1 158927
1 41404
2 200988
1 229616
1 298255
52 358
2 174393
1 289656
1 151688
15 15017
1 148520
4 22889
77 401
15 25479
1 194578
3 9957
1 140207
3 130197
27 6353
2 138129
1 409976
2 89138
3 111759
2 177478
1 42412
4 65722
1 73389
3 32288
2 225657
5 77335
1 439720
2 220479
3 29624
1 323787
4 69390
2 190795
1 167776
6 42774
11 6725
46 3081
11 10495
30 7154
1 187564
4 91009
6 67968
26 11011
2 10795
11 9635
1 143047
1 276295
37 4202
1 250671
1 246118
10 9637
1 312868
6 58411
3 107351
24 12016
1 168793
5 70576
45 2747
5 46295
2 132438
1 386478
2 45717
41 1977
1 304848
5 78277
47 1435
3 132113
17 11038
2 160174
1 385344
1 396897
41 3854
5 5354
2 210892
9 31254
1 151441
26 45
1 78401
3 117019
3 56893
4 82636
3 79207
1 274255
1 297362
1 393488
22 821
3 73322
4 74550
2 83411
4 61061
7 18025
2 117220
1 157577
2 68174
2 5940
1 181003
1 299165
1 258838
7 30030
1 174387
3 16919
1 120051
6 33113
3 51145
1 416446
2 69945
10 15908
2 213613
5 51348
1 210934
15 12098
2 182575
8 2516
2 173278
1 335953
26 9586
8 16515
6 62030
51 1744
12 2367
1 37891
37 1867
1 252981
1 258594
2 17125
2 179565
1 136079
3 110983
8 42698
26 9776
3 51751
7 45466
31 4221
1 89715
2 229157
19 10600
2 207180
6 58521
27 5353
2 122690
16 263
1 326484
1 169282
1 286958
1 218843
3 112198
20 4348
7 59435
1 24072
57 1952
3 61859
8 33249
6 50897
1 70080
6 51081
27 2700
3 17524
1 59914
2 35227
31 6806
16 17351
1 87422
2 197388
2 224092
1 427567
1 453834
4 60214
2 158628
1 238228
1 316264
2 83137
2 177616
1 337923
3 114298
2 57237
19 16966
8 30649
3 76697
3 154326
2 105092
1 441951
17 6243
8 40415
1 404420
6 53032
4 99703
2 15175
2 81314
1 119976
1 28916
55 1664
1 369390
1 308782
1 61744
1 363394
1 75696
17 5674
1 109218
2 69001
2 4664
1 449179
5 64202
3 121978
28 703
32 7938
1 433063
9 32052
4 59128
14 18817
61 1177
1 44618
1 57237
8 37726
1 223713
1 386356
56 1818
6 43564
1 199215
1 141410
5 71560
65 1140
2 240700
43 2926
71 776
1 404933
3 55640
84 131
5 88221
1 55674
13 5281
8 68
6 69882
1 316554
11 14783
3 120071
1 187385
1 132160
2 191207
1 218362
3 54614
1 102290
5 62574
6 20703
1 142643
1 413930
3 66989
38 3795
1 268385
18 15207
69 1154
21 15037
13 7190
1 453059
7 11029
7 51215
8 21783
4 103623
5 18842
1 297941
3 92524
1 368213
1 250812
1 114454
4 27227
1 38383
47 1783
1 283528
4 27056
23 5423
1 243060
1 86067
21 5957
1 354666
15 15530
10 2587
1 221050
1 368649
1 270388
16 11315
1 185858
2 125188
3 16102
1 40892
1 441177
7 37920
70 161
2 29800
1 106100
1 226233
16 21772
5 81966
1 114961
8 51304
10 18865
2 215769
2 95202
19 3697
10 35838
19 10524
4 49761
1 212092
2 85044
34 7319
46 2189
50 250
3 109153
1 298130
35 5191
3 90585
3 128210
1 182777
4 106045
1 215305
6 59311
2 221330
1 347925
2 181574
3 110095
1 327231
1 234040
1 1234
11 31481
4 43045
10 31593
2 145161
1 152035
29 8942
1 263388
2 115313
1 214313
2 178867
3 63063
1 163167
1 267838
9 10706
1 197498
1 24143
21 14046
2 175300
2 46582
4 76791
2 178850
1 302543
2 218473
1 43448
5 81748
6 53670
5 69647
1 301272
1 27557
10 24524
1 42485
1 20828
3 53047
1 77016
2 203875
1 295821
2 107865
21 10921
14 11221
1 222010
3 94854
1 297711
1 356968
1 363035
2 90105
1 423627
10 25014
2 220664
5 33243
37 4874
1 316290
1 167920
10 11754
10 18050
24 7553
37 4756
2 118724
3 82541
1 164722
1 63169
5 10168
9 39279
24 8699
3 60820
6 61084
6 12105
1 74854
64 528
1 180984
17 3561
21 11258
1 240105
3 83638
17 1351
28 89
2 20703
3 13833
13 29291
36 3803
1 16836
7 14498
1 221728
1 417228
2 112834
1 38291
5 82904
1 320124
1 197305
10 3930
1 370291
1 167388
1 224746
6 35755
1 112426
3 48163
8 3969
5 13758
1 117067
12 20796
1 238966
1 233150
4 107593
1 448872
15 4364
2 78941
1 216728
1 57586
7 61637
1 278721
3 25895
1 183823
5 27925
23 7606
1 194305
1 225829
1 226833
24 3910
27 4508
1 75684
33 218
1 24802
27 5106
1 248393
1 47686
1 335350
1 239763
47 998
1 62661
12 29367
1 28013
8 37935
22 9900
10 14259
5 15940
4 50729
9 31746
3 140505
1 8447
5 786
2 83139
1 257507
2 200760
3 152739
2 104518
8 52521
1 94599
1 230406
3 101276
1 166293
1 368324
15 17240
19 14563
3 77543
3 110709
5 23765
18 7205
3 140979
2 228482
1 53127
1 249150
2 231594
2 58706
9 24757
1 116716
2 237338
1 225684
48 133
1 146570
1 371281
5 23720
35 6641
1 371085
1 115682
2 202346
1 363003
8 42241
3 9246
1 289147
1 243737
8 2836
8 25909
1 78427
1 47791
1 294419
21 608
1 355932
2 11181
5 74840
2 9328
2 241553
3 52294
1 31443
1 419099
18 2948
2 192077
1 388563
1 76301
1 15937
1 221519
1 149760
11 33628
1 107452
7 10832
1 180598
2 154457
1 426721
11 20807
2 169375
6 8981
1 212148
8 47023
3 146538
1 236191
38 315
3 4311
3 30973
2 62175
3 12014
1 33288
1 406783
17 6278
2 230666
9 40511
81 397
2 159858
1 288215
1 366856
2 44717
1 44305
3 155262
1 355268
2 66170
8 20383
18 3681
3 142237
1 187974
9 43901
22 13203
10 330
1 17501
6 51788
31 8645
1 74201
2 219397
42 1766
1 55846
1 38364
1 374237
1 219802
1 389272
1 337025
43 2734
23 11470
1 276514
11 22809
1 46087
4 20983
33 6126
3 125906
6 63183
1 166894
2 58539
7 27240
11 24849
3 14202
1 447751
5 58850
1 304934
3 98701
1 395793
9 12133
3 40670
53 2242
2 44728
1 330964
4 14167
28 4056
2 183732
1 56618
1 334895
1 402971
1 241308
1 349163
19 12764
88 224
1 82511
3 154564
2 27159
2 92900
5 88265
1 75323
2 70478
1 367140
9 39994
10 3565
2 174314
1 332923
3 109598
4 106995
3 2407
17 14285
13 12099
1 263999
1 102434
2 32874
2 215599
52 2000
3 12962
1 169176
1 439020
6 62993
20 10061
1 174884
2 5471
26 10439
1 43307
1 1404
1 427049
15 18714
48 2016
33 4661
4 52897
1 113205
2 235796
3 100589
6 60201
3 2670
3 148457
2 161890
7 12890
2 63434
2 96017
24 5767
1 333464
10 19364
4 74117
2 29216
2 164720
5 21223
17 11440
1 418818
1 61291
2 21340
3 37645
1 371498
1 370436
1 249533
33 6948
4 46382
2 200988
7 27899
1 90371
1 105571
2 14957
1 343637
1 239770
31 3118
12 6250
10 6922
36 6737
2 149532
9 33416
2 87660
1 257975
3 32717
3 4848
1 148882
1 130664
1 67715
15 7331
25 9695
5 79950
2 193043
3 28403
6 68640
1 64966
2 36420
1 163149
1 102474
8 48556
3 138667
3 67745
13 3498
2 190899
4 96729
3 59247
6 36036
3 34577
3 30379
1 62269
2 160816
1 17152
4 112711
12 17047
14 12457
1 53213
1 376837
2 47213
1 89875
1 150287
6 13649
4 26323
8 11986
15 4110
14 6433
4 72934
5 20865
9 15411
1 446899
3 27452
1 89201
1 264693
1 279208
1 61197
16 291
2 69167
1 422398
1 323848
1 82924
36 6379
7 27675
8 10328
1 194761
6 29289
2 182868
21 8476
7 14323
1 1098
2 136246
39 1293
20 6390
36 1063
9 8143
2 94536
3 141311
3 152356
22 14376
1 109048
9 34514
1 273272
8 46178
9 22972
2 86872
7 49
13 1206
1 33153
1 384209
7 8420
1 437802
49 1674
37 163
7 59362
2 190620
1 11884
1 354143
6 26582
2 100561
7 62199
37 843
36 4956
6 35029
1 185636
2 77644
2 54144
13 28146
66 1156
1 360847
1 144589
31 6795
2 49967
1 191156
1 405578
4 18085
4 40114
2 114897
4 352
3 93923
1 331548
2 185069
6 37075
31 217
2 50229
42 1619
2 209397
2 70214
56 1870
1 237938
4 4217
2 101231
1 115652
1 130238
31 7302
2 183554
2 136418
3 47365
1 65435
18 9779
1 207764
2 112234
2 95924
19 1676
7 2552
2 26956
2 165570
1 434797
1 110458
1 124528
2 105839
3 44403
24 5128
1 172711
1 221886
1 335233
4 89576
2 153946
5 24569
1 206251
6 7531
1 261579
4 102894
2 217635
8 41877
2 49489
4 95925
1 304739
1 410980
2 90963
1 230089
1 112364
34 2734
2 202255
1 160916
1 88398
1 144004
33 5346
2 98975
5 16051
5 33147
3 111956
2 210188
3 50999
1 416558
2 236993
11 30168
4 30095
36 6260
9 37308
3 4689
1 123552
3 137887
3 101207
6 10712
1 176511
1 200303
2 32643
1 330131
2 78227
3 105191
1 206294
3 29421
50 1793
7 35190
2 22026
5 35435
15 20739
6 50212
2 148014
9 34886
10 13728
2 159706
1 372295
2 83895
2 48891
7 5776
1 399857
2 153624
1 71584
19 10340
1 414353
1 441017
97 157
3 17900
1 436699
5 29867
4 7321
2 90250
25 1185
6 55211
8 2109
2 117575
2 47765
20 1112
1 278480
2 27239
23 5007
1 436634
1 213411
1 218922
1 67002
1 373780
4 16782
13 12044
22 9776
1 427419
23 3188
6 45297
1 26158
16 17884
12 16418
2 223384
1 425586
42 3755
1 410504
1 53615
22 3800
3 23463
2 3033
1 182992
1 28740
1 208053
2 140310
10 26146
1 82645
1 443662
2 51394
90 123
4 75454
2 110248
23 846
21 9682
3 28742
33 3075
6 72112
54 860
1 366496
3 138156
1 193638
2 51197
1 123996
4 78440
1 159846
4 101899
6 5119
1 120160
2 137171
4 45541
5 40929
2 35533
2 157424
6 32647
1 373447
1 212643
60 746
2 238274
1 296578
6 56544
1 309926
8 36115
2 63112
3 106759
1 177450
1 318977
2 53074
2 56303
16 12253
1 21810
4 18234
1 334684
1 110364
2 122
7 1105
2 162308
1 17888
2 111377
7 61673
19 9964
2 219149
10 9364
23 13351
83 158
10 5149
3 108420
1 317675
2 139294
2 109343
9 36100
14 16502
8 52352
11 3841
1 252600
10 20680
20 14665
3 99763
18 3511
3 77017
28 9577
1 13305
24 10919
2 7068
4 2179
7 41931
13 13570
1 331020
2 81774
3 27751
1 718
4 63029
1 137365
4 53299
1 337060
5 8102
25 12285
13 12981
13 25640
2 70859
3 41421
6 24902
28 4415
2 232288
1 284777
28 2087
3 123993
1 413185
2 105647
5 48427
1 317330
24 4149
7 34904
1 125473
4 72385
8 8763
4 13685
4 62139
3 126475
48 3506
1 266846
2 225110
3 60168
9 44197
2 52407
5 86811
1 303703
1 347268
4 24441
13 9524
1 177986
44 3681
1 368410
18 6378
12 26858
10 1677
1 31678
4 9109
2 221663
1 292531
1 81168
2 200476
1 352315
4 68534
14 13970
1 75851
2 165518
1 127914
48 1034
1 227165
2 173515
2 4538
8 50161
1 249539
1 318879
1 91203
9 6295
4 83136
1 398422
1 389155
1 84868
10 3936
3 53297
3 21646
1 388796
12 17880
7 37404
41 4915
9 9796
1 4877
2 148325
2 19145
2 195184
12 26463
2 102122
1 14983
1 137435
1 303263
1 419268
1 311698
3 93041
1 367576
1 136515
42 2293
3 60343
4 65584
4 77922
1 82985
56 459
1 183046
1 303885
1 390899
1 414522
1 92292
2 232718
74 529
1 424995
43 1035
4 96777
1 311740
1 356525
3 44578
1 95433
2 102279
8 2333
1 300398
26 5896
1 355697
19 15309
4 24573
1 269809
41 1326
1 448854
1 357268
9 16614
2 182166
1 16376
12 19088
2 68400
1 131687
19 8019
11 23344
1 441583
12 5298
2 69379
14 6005
11 16129
2 223609
3 46660
23 8591
2 163743
1 322243
1 45071
1 169550
1 387285
74 280
2 66931
1 287537
1 337611
1 229311
1 42762
1 365298
1 393159
2 96317
14 8483
1 116663
10 7560
1 230500
3 36845
4 13803
19 4411
61 1084
2 190861
1 356541
1 6028
1 228860
2 39145
2 229976
2 163544
1 220057
1 73867
1 26944
1 439468
1 314734
3 107709
2 178361
1 213807
20 8382
5 18760
1 317393
5 912
1 7696
1 310308
6 12146
1 356522
1 302641
5 81245
1 198698
13 5374
1 444675
1 241876
8 44025
1 398487
8 51593
66 1235
1 125994
29 8755
1 97528
2 33230
4 82573
8 43024
2 124022
1 376163
10 5734
29 2428
1 363087
2 177996
27 9138
8 34463
1 81596
2 157299
1 272194
1 242241
2 165956
2 163044
2 20197
3 141350
7 59586
7 43732
1 8634
1 313799
8 49338
16 2805
14 742
2 232937
2 144426
2 204401
1 387419
22 5139
2 14232
2 70516
6 11836
5 25256
12 26963
23 10183
10 21739
4 98429
10 31502
16 7672
1 83691
12 11901
6 27936
83 361
2 31149
8 46021
1 303781
1 15361
1 102856
5 4042
1 292914
1 143597
3 34320
1 383144
6 7704
1 94222
1 97430
34 5482
9 25863
21 10676
9 25200
11 14600
1 349116
2 7845
7 35507
8 4233
2 227435
2 111249
8 24609
3 66921
2 199455
1 97760
2 134273
4 18266
1 33166
2 2319
1 290992
4 94074
2 2742
3 39901
43 4638
5 87641
4 113954
1 125042
2 4228
1 379511
1 423999
1 209637
15 5242
2 127889
2 184022
1 277459
4 7483
19 12332
5 3448
11 13282
4 106897
1 12325
10 39251
10 27801
3 140665
1 176895
1 126484
14 2415
3 4114
26 4893
1 142443
31 552
4 100761
1 226102
1 411819
1 414188
2 159289
46 1920
1 28059
1 183065
1 312917
1 131371
2 226211
2 22964
15 11060
4 97790
5 69169
3 35347
1 321574
3 122
12 4158
3 392
1 287113
1 349069
27 2482
6 5067
1 164125
9 33761
4 65895
12 29271
17 13594
4 85709
34 5401
1 300892
1 207591
18 4906
21 10299
1 281353
19 1240
22 8657
2 193202
17 134
25 9160
2 177650
1 226816
2 177764
1 316273
1 137540
4 109578
3 57010
41 5170
6 21013
17 2967
2 54485
3 117818
1 175881
12 14372
1 133639
14 14025
4 78624
3 100328
3 12833
1 266498
4 112423
34 747
1 241948
12 7707
2 163686
27 4986
1 251319
1 308996
19 8664
1 399993
1 56127
2 47062
1 278279
10 26093
6 29750
1 403451
10 2517
1 57508
2 139080
2 124140
2 134429
2 211202
55 1025
2 132896
1 88117
17 16864
1 39018
5 26075
17 10758
1 237460
6 59320
2 227754
18 7749
1 114601
1 85
19 6543
1 56131
6 25073
4 51137
5 27759
2 227622
8 19697
3 151790
1 389137
2 168178
8 15509
3 140566
1 414780
1 444082
1 305025
84 227
1 232675
5 14932
2 234159
1 209065
19 13031
2 12802
1 226841
10 15837
1 270826
1 434752
2 121889
1 55356
1 271121
1 96991
1 401762
27 112
2 139732
3 126365
2 19451
1 207852
8 13534
3 115415
1 429888
21 4818
2 72242
1 357411
1 199812
1 399269
3 127870
1 27378
5 46503
4 22267
6 34151
1 289674
1 316620
4 110853
12 21753
2 120903
1 257436
1 188766
5 50561
34 3501
10 26903
2 168157
2 184208
1 35680
56 72
2 177024
3 58198
4 91754
1 102620
1 263075
5 62800
7 34938
11 18994
26 11537
3 143442
1 272701
2 25508
1 360111
1 143242
7 9095
19 4761
2 147542
1 192885
2 100630
1 150014
7 26689
17 10197
1 172298
2 160100
1 60244
13 6187
7 18393
1 134776
1 410959
3 24317
6 41483
1 25145
19 18410
4 75533
3 9297
1 289055
20 11192
2 170735
2 128115
1 212706
1 280394
1 323942
8 43092
1 324058
1 26272
3 59714
1 194988
9 30593
2 181325
6 48170
9 40577
19 6082
1 151848
7 32527
2 167261
1 198089
2 221084
6 17700
16 7752
25 12604
1 68668
3 153098
3 30656
1 92421
2 138760
7 8768
6 18119
1 198385
3 127907
5 79422
1 155737
1 405348
8 37660
4 92313
2 171588
1 70554
7 58235
2 238508
1 38067
7 40607
2 155052
1 262011
1 112604
1 1224
2 191111
3 83178
1 325113
2 9391
2 26617
2 84067
45 2829
1 106161
21 7384
1 328441
8 53344
2 119917
2 160414
4 25388
5 80490
2 97919
9 31230
1 22137
1 265537
9 12559
1 29993
5 77712
1 327841
2 9085
13 5269
1 137986
2 213685
1 204244
29 8825
1 208120
1 18877
2 208403
2 158209
11 31342
8 10076
2 190098
10 35018
1 446804
17 11526
20 10407
49 1404
4 32176
1 420424
6 39045
44 1684
1 417947
2 182580
5 46565
11 6478
7 38500
2 82744
1 124875
40 4224
2 93503
1 182686
2 9648
6 71269
1 368270
6 59944
1 61754
1 427221
5 86953
3 43348
2 70820
1 217584
3 19058
1 277326
1 349729
13 10714
4 64362
10 10313
2 28763
22 212
7 43964
11 12660
9 4491
1 399906
3 1130
1 381086
2 213620
1 191070
1 376327
2 227517
1 258244
7 23276
1 432095
9 31986
2 198248
10 19839
2 167912
2 197467
1 61949
2 105226
1 178825
15 23962
1 279807
1 299250
1 34878
5 1023
47 959
17 21435
1 196199
10 16076
9 2814
2 5793
1 38143
11 30944
5 19388
9 33469
8 46770
1 244325
16 3499
1 446488
1 96253
32 3182
3 59085
1 286576
2 205205
2 162297
33 3692
4 111257
4 20614
1 90976
3 80886
1 162531
14 11056
1 427471
1 225974
34 2545
31 7775
1 48662
7 25519
2 203778
7 36108
22 14186
4 26435
13 777
5 86492
4 1820
14 27573
3 14720
22 1886
1 390217
3 30709
1 8639
1 49842
9 25863
3 68666
3 63570
1 378978
8 2981
2 10690
10 24011
1 391745
5 87897
2 182438
1 300336
2 14202
7 11281
10 10353
1 388489
7 38193
11 30255
1 68921
38 2503
2 195009
2 96255
3 121049
2 44415
2 105243
18 9816
8 23071
1 394781
17 16836
33 2832
1 420000
2 83221
2 178786
1 372142
16 1243
40 3139
4 776
31 2474
18 20357
1 112453
34 1909
13 8486
1 316985
17 11415
3 17826
1 342203
12 1636
1 402656
55 340
2 82825
3 1100
1 113504
6 71288
24 3763
1 13946
8 5165
1 360269
1 156919
3 60021
10 31293
27 5334
2 222281
1 232717
2 230935
2 125401
3 53526
18 2341
28 2056
1 283769
3 112046
2 204246
2 146137
1 307548
3 142413
55 1406
1 442559
1 106794
47 2888
2 86044
3 130742
2 87625
49 2956
8 22088
2 197902
1 317613
2 55286
2 109432
1 452661
3 135713
1 141756
1 60209
5 18621
1 2065
1 410988
1 396935
1 319843
4 110228
19 10017
62 807
3 118733
23 6290
3 76283
5 68633
61 831
1 107168
2 96154
37 6317
5 49279
2 231002
3 106645
14 13059
8 30589
3 109159
3 154628
1 203753
1 317435
1 439430
12 1971
6 33605
1 182609
1 181347
1 250264
2 73989
3 72037
1 424659
1 187864
2 212089
2 101991
30 3074
1 196190
2 7942
1 323906
53 93
82 121
3 61178
6 20449
4 35734
1 398734
11 3090
1 31617
1 148963
1 337666
4 14226
2 209489
1 87502
3 77266
13 12260
8 19289
1 2937
5 17639
12 23468
2 206749
4 2552
2 140629
7 47578
2 199604
6 20596
12 5733
7 36776
3 37388
1 351244
1 47809
1 415195
2 27783
12 6577
3 143083
1 453716
1 61251
4 55693
2 81889
7 29041
2 47149
6 48474
44 154
2 110427
1 188187
1 408060
6 19301
4 60301
7 49836
17 7395
1 217706
4 4046
2 226695
11 11107
9 33281
1 388026
8 39551
12 3579
2 169933
2 138330
8 1794
1 356163
26 10785
1 448539
19 15006
3 8227
1 39433
16 11084
1 273510
1 241329
1 393444
16 2247
3 86483
82 331
2 84218
1 88548
6 43237
1 215264
1 380255
1 131403
1 387181
4 98505
7 61065
27 6187
1 87521
2 44896
3 134423
1 137506
1 387775
9 23817
1 452862
6 70504
4 111655
1 83850
2 2903
28 3078
3 7711
14 26516
1 322519
4 30856
1 114278
1 195952
2 49104
7 27914
1 370265
11 18820
1 33766
4 31262
2 11303
1 6382
10 36838
16 17387
1 221073
17 3542
10 36653
2 60595
1 220648
1 302791
2 38047
6 18585
7 24091
6 70286
2 63672
1 192992
14 952
1 339254
2 20867
1 194081
1 176047
1 90591
1 184439
9 10181
2 155185
15 11212
2 24991
2 182395
5 83955
2 34342
2 109940
7 23199
7 979
1 125464
10 21306
1 221319
1 327685
2 81308
25 7819
1 83399
1 410796
2 23347
22 4161
1 406707
2 121333
13 27877
2 102536
1 180845
1 174902
1 32857
3 47638
18 6504
1 151047
3 74487
6 71869
1 141548
5 36934
3 68856
1 221491
7 47121
1 36872
24 9665
1 13163
2 234528
4 77947
60 809
16 6241
1 368549
5 40371
2 51117
1 455757
3 152263
1 281468
1 110030
27 4067
12 2330
1 200217
1 83478
7 9419
64 1288
1 400407
1 271021
1 172177
5 79940
1 125284
3 139185
22 7598
12 14376
3 32423
1 281908
5 85812
1 64351
1 425267
2 221011
4 22020
7 60527
3 103904
10 23872
5 1062
2 77570
8 23466
2 90295
2 174259
1 211972
25 10170
17 16258
2 185597
1 202622
7 15591
1 394354
7 62018
1 438101
2 209577
1 85812
37 2669
1 297154
1 100156
1 441314
2 143586
1 127444
6 6944
1 5361
1 196854
18 11944
12 7258
1 411470
3 43872
4 81889
1 256253
1 213510
1 389177
1 300658
1 127843
6 44598
1 170868
1 310108
1 228846
2 191011
1 410305
1 337072
1 143424
1 170153
6 21979
1 21887
1 402397
28 10325
5 33399
42 3875
19 3681
2 29479
12 22218
3 84075
2 178082
26 8793
1 111866
3 81915
23 3876
7 11028
3 42743
1 104207
10 11422
1 150319
28 10509
3 123676
35 936
2 70535
1 151097
3 56795
2 162474
2 134212
2 204418
1 31618
1 198561
10 11628
1 403170
2 238926
35 1040
1 420476
1 170068
1 424085
3 103229
8 43003
7 50031
3 135403
4 86265
1 53327
1 31257
1 350905
1 362528
1 402552
1 189540
3 88767
30 5211
7 8144
18 9109
33 173
1 121253
5 12392
3 54954
13 6491
7 43284
7 47594
2 229837
1 382934
1 183671
3 42924
45 2419
2 189527
2 124850
3 125434
25 11935
2 159357
5 49426
3 117435
9 31365
1 144118
4 114221
27 10989
1 409890
37 5333
11 35925
8 17684
2 162053
5 5711
3 105236
4 113329
6 65345
1 145638
25 9714
1 48665
5 51992
1 309488
1 421362
3 112770
14 4185
1 6917
5 17768
18 1389
1 141558
1 62408
1 67571
2 112265
1 70523
3 17289
2 178191
52 656
7 35996
2 77253
5 77658
29 9938
1 400092
4 53378
6 26311
1 85162
1 244839
4 115036
3 116592
28 1234
28 105
1 248084
1 312338
22 441
1 130362
1 252913
1 41348
3 66149
13 27215
3 126842
4 60554
2 97387
19 4225
2 112875
2 74851
6 51713
2 196167
25 3175
2 95195
3 52577
1 67905
38 1909
2 185927
1 376557
15 25553
51 160
19 18185
3 114744
2 51385
4 42853
16 1290
5 56254
51 1612
2 22374
5 43684
1 44244
74 878
1 273637
2 40099
2 44374
5 82726
10 38880
1 400240
15 10160
10 20249
4 31921
8 27276
1 426272
12 8062
1 366251
31 2371
1 27948
3 32292
1 403417
2 68045
27 2611
1 422506
1 341435
5 59342
1 156135
7 36443
5 13742
11 2287
8 21068
1 303437
1 5660
1 155003
3 79231
1 55173
1 246452
4 105733
1 32046
32 1003
3 117835
10 22336
10 34038
2 231181
7 59115
5 43427
7 33968
1 188839
19 18480
1 304133
22 757
2 111816
5 51011
1 69375
4 13694
3 113447
15 19538
1 195155
4 8570
1 332547
1 272235
1 315737
1 155110
7 31762
1 202217
13 16144
6 37407
2 174881
4 31888
1 299946
16 7438
22 5479
3 8845
1 18200
24 7930
8 32416
1 180508
1 104605
5 10037
2 198352
1 174031
1 292848
2 20719
2 17572
1 271214
6 62963
4 94264
1 229440
28 1378
6 11439
1 247343
1 98270
2 144512
1 123842
9 12552
3 144012
6 35511
3 102755
1 183489
3 87569
1 201315
9 4322
1 117754
1 61958
3 47539
15 14233
6 70872
22 14427
29 3684
39 1814
1 193355
7 28555
2 162697
1 66212
1 198775
2 129079
3 105190
1 175999
1 356498
2 140526
1 353024
2 146123
1 310947
1 190334
2 165445
1 432462
1 36608
2 174100
7 18754
2 10046
1 123904
2 60192
1 447380
1 241882
2 98066
45 1075
7 33509
1 297660
10 18888
23 749
1 21590
3 21400
4 48631
1 409508
3 92290
4 102115
20 8525
7 12553
2 164208
1 280185
4 113849
1 111424
1 212804
2 198878
1 168364
6 45393
1 394407
4 11815
3 72601
6 69185
1 247200
4 19184
11 15693
41 3999
1 413346
1 433888
1 265589
9 37704
1 408333
4 100375
1 81196
1 280748
4 10230
41 4367
1 249196
6 38310
2 181443
1 320994
1 371178
8 26922
7 29398
1 142350
2 179983
1 28919
6 12030
32 1291
2 83569
1 16498
5 49422
3 22578
2 241179
2 189285
2 125583
2 25865
23 11964
14 16620
25 9472
1 207135
7 47895
10 12397
4 43231
2 171844
10 10027
3 29115
5 9512
3 19506
19 11889
15 841
24 11393
12 32609
3 123629
2 43290
8 679
1 190729
8 12517
16 11415
7 17197
2 133625
1 261102
2 165644
22 4060
67 966
1 105409
1 124876
1 39297
20 10284
36 3248
1 248383
1 202368
3 33287
1 15095
5 49717
1 333031
8 19712
2 175420
5 18081
1 43026
1 282275
6 37054
3 105063
1 133428
1 173602
6 36383
1 379243
8 50025
1 321835
1 248047
2 18279
3 136561
41 4942
1 100043
19 7598
75 365
4 48384
1 189919
14 1375
1 372725
1 443780
1 282004
1 85634
1 148908
6 71087
10 35950
1 332460
14 14890
5 81819
18 18155
1 376113
1 38780
39 3765
3 100048
1 395522
2 134543
10 26310
2 40092
33 5356
1 69535
1 374105
2 101351
2 79125
25 2112
2 219351
2 13610
1 345457
1 48477
1 147922
13 1523
9 43361
2 41378
1 183517
1 214752
21 12599
3 56788
1 108659
4 1974
1 252622
1 188858
3 142905
2 59495
68 537
2 212199
2 8785
1 335002
45 2771
11 26702
1 205413
7 19588
44 4488
1 77011
2 41223
10 37426
6 41850
1 119808
3 123359
5 40246
5 19849
11 27902
4 91445
2 75866
1 350644
2 154040
1 280286
3 43693
2 93254
3 43155
36 3181
1 364236
37 72
5 52610
3 108142
1 242556
2 152876
9 31927
4 46728
12 11048
5 38240
1 121916
31 4638
14 543
1 143830
33 5204
2 120871
1 423583
2 6031
1 43965
1 230200
1 265788
2 237017
7 24089
1 101018
3 8516
9 28637
1 252240
2 127693
6 57943
1 98501
4 48881
1 421465
1 41772
2 108975
1 377459
78 224
3 63844
4 85802
28 4598
1 324146
25 3192
2 233752
2 69270
1 436248
2 181739
10 10483
5 68504
13 5993
2 41756
12 1032
1 135211
18 15877
1 158233
8 7746
5 30168
1 257997
4 65158
22 9537
2 147663
9 1815
21 777
8 13401
3 93076
4 32584
1 443713
1 311738
1 354873
54 1869
1 416098
1 231271
4 39640
7 4737
8 42594
1 171507
2 237058
2 28911
44 260
1 398026
12 14632
1 248140
1 387192
13 5836
8 44496
1 112074
20 4899
5 19484
7 46668
1 168841
5 62838
2 90873
1 266361
1 343307
4 19595
3 35843
1 421141
50 3261
2 211318
1 439037
1 167532
2 39990
1 427662
1 78817
7 48683
2 59889
1 22196
1 121714
1 111595
1 354299
1 29305
25 5717
3 127002
1 281642
2 202941
3 44352
5 66
1 437375
27 5089
2 126189
3 123376
1 434175
43 309
3 93490
1 137504
53 2615
33 4193
3 119939
20 8043
1 344896
1 218266
3 46503
9 9781
2 167494
1 397979
6 936
1 25637
3 98283
10 10877
1 209442
1 286177
1 339920
3 99284
5 29471
5 18001
9 26001
2 123888
2 213157
3 50352
10 20615
10 2836
1 375529
45 3670
1 86750
12 11947
12 24988
1 39795
3 111750
7 24053
1 368588
2 37572
3 87946
1 365125
1 151733
1 114003
29 7147
24 7440
9 10682
1 134301
42 3668
35 4649
20 8664
2 44300
3 137570
3 150188
4 25171
1 350870
2 222746
20 12299
25 6275
11 29368
1 155861
3 52794
13 17552
2 141558
8 35749
3 28868
47 622
21 2047
4 68408
1 437885
5 15310
80 413
4 22176
20 11413
13 9851
5 47520
1 338134
4 104675
2 105257
35 3436
1 303327
3 126184
1 414350
3 118168
1 140943
2 233118
1 73202
2 142871
10 34982
14 3649
1 243202
61 776
1 52976
10 39443
2 186756
1 269394
5 46587
2 77825
1 253464
28 4730
1 307548
1 364176
18 15440
2 85706
9 23495
6 65110
8 31274
4 16541
29 9701
1 86580
32 5395
8 29374
2 150899
1 4695
1 375311
6 20837
2 20433
1 112487
1 201741
2 16309
1 354137
44 2750
22 14803
2 210530
1 138435
29 5005
15 12762
2 143141
2 115135
2 161367
77 459
1 384946
2 64536
13 17098
1 74726
1 224820
2 7708
44 2957
7 48502
1 388944
2 195671
23 3924
3 124333
2 189343
2 114274
53 2237
63 1202
2 84405
1 443065
25 7967
29 6195
2 16945
12 3269
9 20564
13 6018
2 5563
3 136051
22 1165
1 55268
34 5107
12 1937
6 48233
4 24628
8 51536
2 155079
1 261737
31 6628
1 259524
3 58954
2 1976
1 322298
1 42610
2 115406
4 58564
8 36751
1 448225
1 29587
1 207067
8 42377
3 63091
3 81161
19 15923
1 429616
1 327022
2 236545
23 11627
9 5347
7 5616
1 239901
1 189405
10 32561
1 235099
9 39426
1 360633
2 182916
4 1605
1 142252
1 145808
1 44406
1 136539
4 20896
13 28654
1 95500
4 66878
1 28761
1 211052
1 338295
1 372565
7 16878
9 14774
2 19518
7 61396
1 289846
1 260567
3 154683
1 247276
16 9472
2 110023
19 2524
1 138743
1 38524
1 182995
7 25962
2 12955
18 16496
1 303726
21 11252
1 216710
1 89558
4 35975
2 161659
5 17062
2 55893
2 121599
3 1628
3 9576
4 16003
19 17543
1 40818
12 29497
2 182201
4 34190
1 429707
2 199249
13 3544
1 157381
2 141804
5 20383
2 144787
15 265
2 154450
4 94395
1 80626
7 36964
3 126707
1 138238
8 3988
5 83325
1 199120
1 262712
1 255327
1 374799
31 7907
11 4707
7 36625
2 143209
21 14295
2 156252
1 253538
2 192071
2 207231
2 142796
14 15471
4 48425
3 144243
24 6601
2 150861
1 200634
7 18070
2 6178
1 305886
3 13264
17 22078
1 85808
8 47542
1 15436
4 113078
1 239684
3 126258
3 6726
2 41402
1 417368
6 72478
1 130317
1 385355
2 63548
4 93364
1 197111
1 115771
2 19868
2 29585
1 180530
1 81710
2 44405
2 181347
1 40728
3 80802
2 164019
1 116893
11 1292
1 133461
2 148397
5 11454
3 29702
21 14386
1 200302
1 136766
1 107129
13 13035
8 14759
2 129610
1 219505
2 109556
1 29485
1 359114
1 289339
20 4851
1 171156
1 147369
1 278371
1 416760
3 119059
18 1519
7 55116
42 3333
1 236094
18 5063
3 130610
3 7051
2 139774
2 156442
2 208034
2 97390
33 3271
14 13921
8 32305
24 750
6 65125
3 62289
27 2639
7 21122
1 117028
7 32361
1 424935
33 5009
2 90287
1 235085
2 102390
3 155234
29 4119
21 2957
9 30508
2 100496
1 156889
23 3280
2 95253
4 112329
9 13399
2 104208
4 106183
1 85939
4 13716
39 1950
5 85933
3 93785
1 104267
1 173891
6 17493
5 70891
1 172266
4 4718
10 3919
22 13694
1 115683
1 313781
19 7026
4 65065
1 74825
1 63516
3 62897
3 70472
17 18994
1 333519
1 409881
2 27305
7 56784
7 4323
1 190858
2 149345
2 90417
42 2960
2 178340
2 235337
5 8178
2 61393
2 95261
19 4861
2 189343
1 452403
3 96971
1 451460
19 11961
8 45167
15 12837
5 43146
9 21170
3 98749
1 322404
1 283007
1 127353
2 77451
1 361874
20 4415
1 110081
6 19785
1 104320
1 60394
3 70679
2 96828
1 75731
1 258806
1 80624
7 42170
1 315274
1 189411
1 216444
12 4184
3 33346
2 154620
1 306791
1 341812
4 22700
9 41416
18 2799
18 12921
17 3513
1 160074
1 88035
27 9961
15 6332
9 42395
1 48148
1 106070
36 4933
1 42425
2 46365
1 342860
1 25798
1 119051
48 1923
1 26936
3 155398
1 319520
2 182195
2 127458
6 66320
5 2677
1 289782
4 45972
2 21966
1 52838
4 75224
5 7735
1 9493
1 396585
2 153689
1 384771
2 140735
9 29376
3 71980
2 11633
1 93835
6 33730
1 320265
1 204211
1 205252
4 44376
2 117414
1 384513
1 97578
17 11272
52 2699
1 389505
17 10277
3 125484
1 392441
1 164471
6 24155
16 21882
1 75044
1 18173
2 160308
26 11887
1 28050
3 66101
9 10265
1 265212
2 27927
7 43256
1 53916
3 144505
22 12784
1 333736
1 225300
1 378105
1 112772
2 160046
13 16387
4 11583
1 117400
33 2943
2 207613
14 11405
1 358656
10 34584
4 1345
7 35579
34 4114
10 5343
1 106736
3 123181
34 6223
22 1881
2 50268
25 3923
11 24877
1 193560
22 14142
10 36157
21 598
1 195934
1 419394
1 8688
6 29997
1 194602
1 309897
9 21474
2 133512
4 74710
1 189653
6 32520
1 242251
1 157963
1 259997
14 20364
1 186629
3 39730
8 5424
3 61205
26 6215
17 11743
1 32806
1 435231
1 12249
2 51200
1 330127
5 2720
8 27732
2 94846
1 147367
9 21301
5 59985
1 65839
5 21932
3 47887
1 3064
2 225708
1 182982
1 211319
1 16026
1 66549
1 234093
3 37681
1 364824
7 439
4 56959
1 297292
4 287
14 1005
1 109669
1 292574
9 36028
1 313028
1 430619
2 87094
4 109755
1 11602
3 50318
2 184049
2 192276
1 228465
2 232674
10 5882
25 7180
4 77790
1 409361
2 28323
1 75853
16 20385
12 26269
1 60846
1 200986
7 57818
1 415968
36 3880
13 5297
2 709
1 38138
1 253851
17 4143
3 74474
21 8473
1 255588
2 85438
1 148346
2 124723
5 84244
2 151399
17 16686
1 436507
1 291597
7 40249
1 144273
2 30131
1 439283
2 104076
15 21105
5 40245
1 428291
5 7474
8 52522
22 11293
3 121107
1 247540
20 10918
24 361
8 14417
2 122824
9 7108
13 22359
2 92384
25 752
1 40599
3 10392
2 211135
2 162324
3 5401
8 6922
8 50886
9 23578
3 92334
2 22939
2 87976
1 371343
2 40861
5 75144
7 24617
2 118413
5 46054
3 113935
2 220839
1 143546
3 41780
1 24798
1 92513
2 16688
2 183316
9 31713
1 353455
1 424943
1 8400
29 8935
7 57214
1 71597
22 5843
1 1903
8 13232
2 210729
1 173186
3 7232
3 117799
2 20386
5 84811
2 228440
1 29798
5 37086
1 371115
5 33833
6 29275
2 80706
1 292892
29 1323
2 166875
1 234317
1 185851
41 2102
19 8791
1 373262
24 8782
4 56699
7 58257
2 125176
1 393038
1 355542
5 80218
5 18840
2 106401
51 1221
32 2883
6 23368
5 76137
1 230713
1 442501
4 75139
3 67089
93 123
3 48761
2 222825
4 98945
8 25129
14 12810
33 4785
3 21283
1 167663
2 82598
1 301718
1 375495
7 57589
1 107489
3 117334
2 93154
25 3009
12 17674
4 27485
1 59481
2 85884
2 221993
50 2402
16 22240
12 6910
1 180725
5 20240
45 1335
2 227923
18 1980
3 77347
19 4446
1 48560
2 78035
4 109655
1 276369
1 254864
6 25861
16 12421
15 7547
1 114482
3 4962
7 3322
1 57150
1 37541
1 318723
14 4246
1 228283
2 234222
1 64286
4 57336
50 839
1 107597
6 67863
2 113556
4 42185
2 101438
18 5041
2 13623
1 402909
1 356840
3 31789
3 41155
1 345267
1 383314
2 79975
4 8115
37 3111
14 18590
1 203119
37 462
10 13380
1 431495
1 452742
6 68148
3 7155
3 137952
3 48791
3 105912
4 11121
6 66644
2 104557
2 37074
2 196152
2 83793
1 316348
1 132142
14 25036
2 167705
1 237743
2 155436
22 11065
5 42073
42 1300
1 263976
6 27554
55 568
2 211827
47 3590
1 455147
1 127984
1 98180
25 3519
1 96276
3 66837
6 42731
1 364964
14 15942
1 25724
35 4924
9 18984
1 394380
3 7346
1 114735
33 2963
1 144032
1 84543
49 1176
1 229966
3 140008
1 387809
6 5727
1 391214
1 254078
1 298624
3 90851
2 74634
2 154843
1 78195
2 50383
2 8432
1 266727
16 13472
1 357812
1 29097
1 416323
1 79448
1 413221
3 111874
1 383029
7 41250
6 25875
1 397235
1 291189
8 44196
1 189346
2 91000
4 50529
9 39740
7 37016
5 46038
3 54506
7 50467
1 288349
1 439409
49 2461
3 50057
1 271539
1 317022
2 84531
2 226147
1 300831
1 451824
6 51644
4 4164
1 409850
3 33710
1 285176
3 139087
4 14528
1 385106
2 97071
1 417934
2 204126
4 7528
1 277316
1 347198
1 354528
1 124146
1 452155
4 109822
1 411153
1 350031
1 426947
1 442847
7 43999
10 16299
3 93264
1 272
6 23042
63 254
1 153483
20 5830
7 29997
3 145762
2 215729
3 25551
1 41034
36 1977
3 155159
3 139137
4 28121
5 43243
1 415130
1 358821
1 143972
11 16623
12 25148
25 8332
1 342591
29 9881
6 38288
3 108832
2 231501
1 124409
36 195
2 219585
1 327651
1 214883
1 247940
4 55222
3 70151
3 123041
59 1568
12 4620
1 245468
2 193000
1 30734
1 268130
1 281462
28 9920
4 32473
2 70358
2 77337
1 261397
1 342024
1 96998
1 6263
1 151824
5 4698
1 428225
1 389789
1 418605
8 30738
1 409861
1 8166
3 5201
3 55037
7 40960
2 19885
17 4099
1 168147
1 342067
27 1532
2 146666
5 83899
1 332836
39 1841
2 90152
5 59592
2 109763
56 457
3 59330
1 357285
2 200326
2 59836
1 205979
9 18604
2 138474
5 7215
15 23005
1 131847
18 3041
5 58336
5 16265
19 1406
1 244301
51 3015
1 108989
4 14123
1 114162
17 20166
58 1641
2 124111
14 11705
12 32631
1 105191
3 65856
1 52626
13 17704
29 7720
21 5280
1 237416
1 263529
1 172972
6 539
1 5140
6 69629
1 164632
1 101327
40 4759
4 77324
1 418517
47 514
5 56382
17 20825
1 317013
1 390803
1 282937
1 101994
1 350994
2 96199
9 34964
1 376363
1 455019
2 100454
4 87041
1 13789
23 7442
1 191927
2 49458
1 93630
2 21304
7 33440
1 378237
1 123230
2 106234
3 124615
20 3941
2 193468
1 360182
1 320861
2 14689
5 30588
1 319264
2 33423
24 7490
61 925
33 5755
5 25710
1 204330
1 149709
1 247962
2 92194
4 83141
14 26563
11 9160
24 8227
1 198635
3 100722
1 120133
1 140684
2 53429
8 36106
1 15511
1 378938
1 233176
4 52622
5 24631
1 152105
1 147424
1 37820
6 36582
1 268119
8 35739
12 18694
1 367725
1 133473
5 75706
2 150340
2 12163
11 21006
2 187470
1 154493
1 257938
1 115068
9 27734
2 129344
1 443811
1 29909
22 5515
2 226147
2 150565
15 7639
15 18970
1 184167
4 1194
4 97894
1 50819
2 180980
2 95631
1 344533
15 20339
6 71939
1 376009
1 204822
1 228978
2 79149
3 13511
25 7118
11 21691
3 86565
1 70405
4 98749
1 357695
3 46756
9 43308
2 92667
1 48004
12 21671
3 122004
3 3273
41 4858
1 138193
2 135289
18 870
1 266132
22 1590
3 118436
2 171162
9 28994
1 274525
24 6222
10 20915
1 252899
10 7448
1 90449
36 170
5 67695
3 37751
1 137683
2 147896
2 18065
17 12545
18 5182
2 223010
2 57604
2 198014
3 99010
59 343
3 48530
1 127345
25 2648
84 250
16 16913
10 2407
1 309148
1 240229
1 58001
7 9341
26 8743
4 17578
3 91713
1 439558
23 9177
47 586
3 72886
13 6665
1 53037
2 47328
7 826
4 104803
26 11395
4 36834
7 53293
1 294760
2 111963
2 172256
4 78490
6 69487
23 3682
33 6693
1 39434
14 1181
7 661
1 15840
2 208997
1 122723
7 15756
38 3417
26 9492
18 3705
1 239148
4 304
4 39191
23 9438
51 2689
7 31847
1 407200
16 21296
29 247
1 115534
32 2345
2 198734
2 119589
1 408631
4 2061
1 47270
1 29998
1 157804
14 25054
3 72215
1 224345
3 113742
13 43
4 68419
1 326917
1 68556
12 10007
8 11723
1 172394
1 413318
45 3993
11 8979
2 56275
1 75427
1 192101
2 67359
1 7340
2 32044
5 72896
2 178474
1 213277
1 315736
2 121698
4 98495
8 25772
39 4419
3 89717
2 146915
9 24915
37 2043
1 383282
2 223808
3 6524
9 20256
1 391865
2 125166
1 425728
33 4738
6 45478
1 383562
7 18861
7 23239
8 45099
1 310749
5 19412
1 96968
4 69835
4 75755
10 5753
3 32330
2 111993
49 1935
12 29808
1 70448
1 238207
1 248884
27 10894
8 35936
1 407137
1 382481
1 437501
1 316636
1 428588
10 5293
8 4819
1 208390
1 387862
1 258462
2 140235
2 221998
2 65372
2 211225
46 2369
8 34404
2 157404
8 42158
15 20684
1 388686
12 14751
1 394549
2 53123
5 72689
1 29354
1 410706
13 29534
1 298302
5 37309
12 8949
28 5738
1 163268
1 372662
1 234665
19 14823
1 259713
3 116445
5 52074
10 12367
1 151549
1 4854
2 185680
12 19343
12 20887
7 26368
1 60173
17 1572
3 759
5 78818
1 237036
2 169496
2 148414
1 387563
1 408408
3 146983
1 442160
3 21805
6 27148
1 229373
2 111756
1 433710
13 10865
4 48741
1 309819
21 16163
1 449998
1 375215
1 191000
1 157000
4 14522
24 5659
16 11797
53 671
3 19627
1 193373
1 445127
1 34804
1 237236
60 1578
19 15379
7 35563
1 71085
44 2276
1 307577
2 24689
1 378939
1 204649
57 1358
34 2395
2 23012
11 23233
2 85486
1 389308
4 52792
67 738
1 82832
50 2468
5 37569
13 22915
1 322514
4 18235
1 7319
1 367441
2 152661
1 173988
5 73635
10 21877
12 27451
22 4175
3 102796
4 10205
3 10980
9 30928
4 92699
3 58505
2 148217
1 387965
1 439603
1 113478
1 455712
1 442248
32 395
1 86136
7 59024
6 62424
4 31170
1 124697
1 38318
41 1505
4 108240
1 101148
2 23064
41 3899
11 13328
3 46928
13 10316
3 123135
1 411973
1 1914
10 5719
1 128326
5 80004
52 1225
1 360122
12 4364
4 2217
52 873
1 444081
1 226749
3 68350
2 54872
3 11941
1 207840
2 14216
1 210713
86 432
1 81674
1 338628
1 160276
1 335570
3 122486
1 82417
26 7517
2 30495
1 419544
5 30774
1 344446
1 306188
31 5879
5 22796
1 420046
3 60904
1 381658
5 3348
1 38339
1 176427
1 228747
8 41317
3 145351
4 80476
1 174650
1 229582
2 177670
1 327246
51 1070
22 3220
4 50165
11 29080
2 211131
13 21385
2 122487
50 1732
1 273270
11 13705
12 8616
1 42987
2 62369
1 99785
2 17093
1 364289
2 230297
2 166466
3 154383
4 33874
1 275416
14 3937
2 181549
10 11150
2 5599
1 254303
8 20481
2 70007
1 80717
1 293188
3 113275
3 153940
12 14424
1 384424
1 255870
2 102899
6 2940
1 14691
1 395270
2 61369
2 241259
2 44433
9 30430
1 32437
1 159755
2 188181
21 15312
5 9967
32 371
1 254236
1 311391
1 126203
5 34615
1 440833
18 15924
1 113888
1 380459
2 100289
21 3756
1 115216
1 98037
2 110201
3 126612
1 395593
8 17282
1 442815
1 398830
54 771
3 89880
57 1728
3 75275
1 190362
18 4314
1 323878
12 20784
2 9453
1 71472
3 99719
2 117651
1 201091
5 80775
1 35888
2 95529
1 326524
39 4272
1 130428
4 23478
6 64315
3 129327
3 136595
1 383682
8 19032
29 5207
2 88299
1 23
2 240608
2 27821
5 72117
16 9984
1 284665
13 14113
1 277560
1 113771
3 54639
4 23468
6 41267
4 96796
4 27796
53 1603
2 34619
7 31704
13 3239
6 29570
31 7708
5 11471
6 34424
3 106209
17 1238
1 2734
2 204276
1 401663
21 5449
8 28450
6 62106
3 145102
7 40305
21 7625
18 15139
12 28385
49 2676
2 49052
4 76066
2 6433
1 122736
1 300299
1 149499
1 455941
11 21836
2 462
6 55613
1 411426
1 392401
2 172174
6 70157
35 7059
20 1956
15 22602
2 125977
1 186592
1 355802
9 17760
24 7681
1 253696
9 13289
5 12897
6 61917
1 178806
2 109965
9 34013
1 254702
1 246618
1 311907
1 29616
2 139899
5 20960
1 273078
15 3809
2 153452
1 403288
1 53767
1 208337
62 1404
7 22647
1 15659
1 283737
2 159621
1 165578
3 152375
14 15353
27 329
5 66105
1 255366
1 352864
1 87572
4 107824
2 135511
1 42519
2 112920
30 9345
1 328992
2 51666
18 13231
10 10847
64 289
4 23674
1 302375
2 26927
1 39447
1 431745
1 423763
13 8321
1 150367
1 350253
4 35595
12 2599
1 192624
9 10271
6 65743
2 64061
2 97914
2 113083
2 40203
72 835
2 83379
1 164607
12 21703
1 326339
29 9668
31 1883
6 23905
5 75854
20 10192
8 42189
15 22647
1 342043
1 24588
3 72630
42 3834
1 99099
1 200321
2 91710
18 8648
1 22021
2 107503
1 401609
23 8741
2 10284
1 181770
16 20205
2 49660
2 41329
1 131610
11 35267
10 15171
1 40986
27 3236
6 14161
1 341642
3 133632
2 36536
1 348921
26 9044
1 430188
1 310435
5 32478
10 23242
20 5709
3 6910
1 321229
3 119808
2 139629
9 3996
5 13943
1 367607
1 199101
1 194160
1 236728
9 41215
12 3565
2 10840
1 143422
1 377600
5 17360
29 6873
3 148734
4 105785
3 37414
2 194585
8 20262
58 526
16 4857
14 18416
1 428904
1 72322
1 451853
46 3423
1 36545
2 195083
8 34582
6 64487
1 104011
1 267784
14 8995
8 37994
1 295026
2 135574
10 12754
1 150148
9 34420
1 35171
2 151844
2 163771
2 37164
78 236
6 27938
1 357586
7 15018
1 240916
1 305461
8 4264
1 375497
3 130792
24 1533
1 312266
14 558
2 227331
2 164568
10 2200
1 244236
5 895
3 28153
1 282899
1 266345
20 9863
62 1583
1 256869
9 23416
5 7521
1 309087
2 106338
1 144621
2 189045
1 2311
3 87783
1 240497
3 57618
3 18474
1 222025
2 123166
1 146631
1 59056
2 41946
1 127638
1 394468
1 290917
9 23190
1 240784
9 38206
25 8113
19 11479
6 71952
8 20588
2 22553
2 170699
1 422050
1 119809
5 85026
8 29303
25 7361
2 1532
1 65744
11 16676
4 81113
3 147351
12 23690
33 1973
1 166030
1 108880
1 166503
2 105161
12 4937
1 213186
1 207856
4 93759
2 58367
1 148548
13 15452
1 92307
5 24157
2 80066
1 51008
23 11956
1 151650
1 403013
8 49471
1 456070
1 34222
2 199072
5 70369
1 178621
1 63745
11 18885
5 39056
1 247419
1 74199
1 75157
2 148391
18 14989
55 1388
19 9015
1 378062
8 29676
6 56857
1 394760
17 4599
9 12737
2 125006
24 4843
6 268
1 4747
1 215559
1 316440
7 46829
11 24842
8 22660
20 4366
21 12988
2 182376
1 405702
18 8399
62 1123
3 114713
30 1243
1 121521
5 43292
24 3263
1 438837
1 265791
5 57346
5 13370
2 222990
15 13336
2 49000
1 341609
2 218871
8 27693
1 148960
4 109896
1 343477
2 90175
4 3772
8 32762
1 366268
1 206837
1 271765
1 386206
29 4866
1 102656
1 227367
2 221995
21 5467
1 268453
2 163647
2 139234
1 218301
2 29628
20 15988
1 94775
2 132397
9 43231
1 430222
1 14158
1 191425
1 301204
3 114493
24 5501
5 63482
1 279336
26 4436
20 14874
1 151091
1 262148
1 260688
3 133374
5 81625
1 323835
9 24387
1 249406
4 24418
8 45287
56 514
1 84593
3 8796
8 29162
6 6004
23 13487
4 35276
31 7884
10 35405
2 161249
1 130293
1 104843
43 459
3 113846
1 204781
6 46467
30 3953
2 179783
1 150664
3 69603
32 7049
7 76
1 307860
4 76067
18 4360
27 7400
12 25458
5 69615
1 88930
1 343960
9 40683
1 306155
10 20071
1 418450
1 338310
1 414809
3 100989
3 66248
20 7653
2 156552
16 20805
11 30405
13 28901
2 21022
28 7658
4 109302
2 157816
2 105400
1 20314
21 6926
7 15459
13 19826
3 122958
1 44476
7 49544
4 36193
6 46588
1 15233
1 371677
1 162573
14 5465
1 415490
5 86547
1 24870
9 7100
1 143506
23 10720
1 188412
1 248375
45 2880
8 11978
3 123848
1 411825
26 4777
5 78264
11 29336
13 11266
1 179453
2 162703
2 230762
2 96784
1 68837
1 9828
18 9977
3 80475
1 318601
1 411719
23 11530
1 404106
3 138740
3 40870
1 430054
1 53837
8 22167
1 12022
1 29688
10 9970
2 197897
12 858
9 2668
22 1208
11 26669
27 8582
1 171638
2 134661
34 4050
1 344454
5 3389
1 286383
9 36008
1 308638
1 110640
1 216825
2 111650
85 264
4 80476
2 135118
9 43480
3 35159
3 8089
2 207860
3 87898
5 31440
6 34618
1 345159
1 83648
18 18106
1 326213
1 161275
1 161343
18 14045
21 11273
5 32920
1 182507
3 66518
12 10499
13 221
52 1870
24 3457
19 2611
2 123903
3 45940
1 202754
2 40177
3 119516
2 1086
9 214
2 149547
1 456687
30 5418
1 87146
1 259962
1 98569
1 340804
1 23629
2 75214
13 18295
2 202939
4 35988
5 38247
1 366385
34 3960
26 8961
1 34254
79 672
19 13819
11 26200
41 2987
1 1118
2 4468
8 10956
2 210897
5 6499
1 235749
4 98204
1 11310
1 225244
3 63890
4 85333
3 53339
2 54336
2 177530
1 449821
1 448103
1 272888
1 183323
1 60200
3 61371
50 2068
1 122467
9 41636
48 907
27 3106
2 93170
1 102972
1 179860
14 25968
2 193806
2 101726
25 11521
2 28336
7 23486
3 50962
6 67365
1 183991
1 28453
3 93728
48 2590
5 86360
1 381606
3 6794
7 45024
2 159761
14 17282
6 24813
1 118338
25 1678
1 97020
1 213916
2 66403
3 119338
8 45907
7 26551
62 701
3 127719
1 64831
1 365052
2 73721
1 424837
1 4832
2 40889
1 290860
1 172616
20 3809
1 382283
12 26740
7 36490
25 3626
1 372333
11 5674
2 130650
1 136134
36 5900
5 68321
1 13622
1 392424
25 9826
1 374015
9 39219
1 428395
1 22830
2 180271
10 16006
11 22876
2 39824
1 370626
1 159908
5 76302
1 81851
34 2466
2 88839
26 5635
2 195398
21 1663
2 43274
4 42892
2 190063
2 49986
1 236928
2 155133
2 159080
1 117862
1 239183
14 9632
7 38034
11 3420
1 398440
1 306021
1 421772
3 110218
1 449675
1 299167
2 190094
5 47998
5 1675
1 33795
2 131009
1 209249
26 8879
12 1005
3 60798
2 171905
1 413512
1 35239
5 29862
3 4465
2 84218
2 56584
1 123715
9 6823
1 156293
8 40418
1 251790
20 11928
26 10506
5 26527
1 119179
19 2595
1 116362
4 74441
1 344763
12 22364
18 12352
1 24948
2 206086
63 417
1 250426
23 12298
2 183382
21 10619
3 44976
17 17242
9 37128
1 35829
1 197464
1 159185
7 62
2 25293
24 2902
1 8584
5 45829
4 47035
2 51001
1 163364
1 22272
39 2958
10 22575
3 130733
1 137468
4 88684
1 407325
16 5104
1 127195
1 274484
1 174105
6 45908
2 34278
2 167240
10 16003
24 51
1 371223
18 9326
2 199657
2 100723
2 240048
2 104940
22 5269
2 98429
4 63456
1 156853
60 147
4 48332
3 126357
5 25033
1 316740
8 9090
6 42435
29 582
6 33930
9 29232
5 3796
19 17948
6 35734
5 31945
1 240608
2 239295
2 189732
1 33760
4 73026
6 35756
5 40578
26 10970
1 260456
1 222719
1 205065
15 3282
2 83460
3 70449
5 37519
2 180973
8 30824
1 3693
3 147191
4 89057
1 222625
1 76976
3 9354
2 221322
7 7000
16 1127
1 302846
6 13321
1 222669
2 118252
5 46529
48 1161
4 48599
2 104958
2 62086
13 8950
18 8271
7 3253
3 116861
1 63772
12 28041
2 32618
1 169114
38 846
5 13730
2 207867
19 18841
1 127271
1 22010
7 683
2 41039
24 921
1 398515
16 1922
45 3151
6 25295
1 358142
4 26481
3 152357
1 343657
4 74033
2 102771
10 7355
39 4368
1 354390
1 158195
2 191969
4 42739
6 51187
1 451128
1 2928
8 15442
1 4137
4 44419
1 236485
7 10230
1 163645
1 66917
4 103812
12 21108
1 37083
23 13223
1 88323
12 29318
26 3790
3 127945
1 268157
2 200062
1 261877
3 85405
11 28299
1 134087
2 139737
2 34613
1 102364
3 106730
1 406143
2 132250
1 129363
3 48713
1 248833
4 45068
2 131218
3 4311
4 92278
1 86366
9 24702
43 3961
3 73854
1 452757
2 73909
1 321335
4 26153
1 164420
1 1376
66 383
1 197156
1 351341
1 130819
1 186752
7 31313
3 35421
15 10969
87 174
1 213094
3 33218
7 24485
2 209896
2 194117
4 4002
1 20228
7 14140
1 350605
14 13761
13 30026
69 1086
4 95899
9 5436
28 8886
23 5824
1 199630
10 15404
59 2033
2 209507
13 2187
1 1676
1 310678
5 11009
3 83699
4 11282
3 50292
1 123866
1 441279
1 352036
1 48057
6 27574
3 110921
1 304636
1 43744
1 383678
2 44944
4 15008
2 17994
61 563
18 3916
3 90506
10 3686
37 5407
1 367278
4 41870
2 233448
5 67834
14 5387
2 93732
4 108104
1 349784
1 83132
3 129162
12 8352
1 171538
3 115017
1 126466
1 149414
1 240555
5 71294
4 2412
3 132461
1 430575
2 118647
66 141
36 6564
2 108606
1 262479
2 150729
2 165938
6 72217
3 115505
2 95398
2 32984
1 58608
2 31347
1 304104
46 2852
12 23070
2 136095
5 18677
12 24327
2 162763
4 58435
7 18300
1 151392
2 66492
1 366227
3 30969
1 455915
3 127341
2 163281
7 62139
2 68194
15 21146
5 45687
1 252643
1 135122
4 84950
1 377410
14 5017
4 2440
4 94909
1 396637
1 166096
5 84256
16 18287
1 197254
1 322203
1 18632
13 14067
30 4675
3 124282
1 365326
7 11787
15 18343
37 1192
2 109867
1 261582
3 71369
3 103693
4 3978
1 187059
59 703
4 76718
2 96574
1 115321
1 72133
20 9100
44 4091
1 145829
9 1152
5 28784
1 320387
3 122415
1 416109
3 157020
11 16411
2 157528
2 158967
1 12393
6 33185
1 254888
19 6639
72 132
6 32025
1 32585
7 48250
28 10190
20 15398
9 30298
2 199393
3 144947
1 112106
11 10883
1 384321
1 428641
1 205023
1 300261
1 136190
11 144
2 25384
1 303577
6 28533
37 5178
3 121761
2 143947
1 202528
7 7463
1 336746
3 92388
2 207300
8 16761
74 848
76 772
1 199687
3 107874
3 137521
2 188901
1 39034
2 167997
2 143609
4 110030
1 138292
42 2916
1 296290
2 49611
3 130789
25 8233
1 380192
1 103488
1 22268
25 10492
20 7537
42 690
1 338781
3 100353
1 43599
3 93029
1 406518
2 193498
61 1784
1 212420
3 72039
3 138783
1 410205
1 298574
4 36846
1 25540
10 31893
4 38133
5 38726
4 69914
2 156952
2 196645
1 444246
2 154080
8 37415
63 879
9 42082
9 16273
3 20803
1 15088
37 2793
19 6513
3 116038
1 373153
1 406907
1 158487
5 45690
28 10353
4 15165
2 224863
1 305165
10 1297
4 15628
1 398707
3 1650
1 285391
11 6350
1 373047
1 238171
1 269537
10 12199
5 88272
10 20699
1 8325
2 161418
37 5552
1 293901
5 7294
11 8588
1 156719
3 108442
1 384843
4 109168
3 2724
4 66610
5 57003
3 138918
3 85445
6 41620
8 51938
11 33136
2 189054
20 4634
1 228424
1 12911
32 4421
5 71985
3 14824
7 39718
2 148646
3 7241
1 236721
4 107257
1 352496
1 406592
1 309457
1 151401
43 1185
1 335481
3 137560
1 131297
2 82790
1 381413
4 34686
3 39456
7 19142
1 288181
1 139875
1 39325
1 11100
4 111417
2 37107
2 138593
9 16745
2 129607
1 53183
2 155975
1 108316
1 431826
49 1003
1 99893
9 30960
1 397694
3 20003
1 218893
1 284362
20 64
1 316574
1 270033
1 249802
2 3250
1 455145
2 84542
1 204602
1 87616
4 43736
1 50513
1 80320
5 12616
2 113898
1 232952
2 8127
11 26167
4 55155
18 10351
1 79110
1 268511
1 171783
1 28518
2 34270
63 1059
2 78979
2 128511
17 21490
2 23999
10 11787
11 18836
15 13231
1 176163
1 412488
3 60248
17 7011
1 166346
44 2683
3 122892
2 164803
1 4837
2 138956
40 411
2 45023
32 1201
1 361566
1 9683
1 455162
1 84365
4 26274
1 42937
3 28249
1 141543
1 85074
1 439433
1 334032
1 76456
3 11318
1 158307
1 33501
4 109408
12 1905
6 62339
8 48384
37 2536
22 5454
1 132148
1 153995
1 123117
13 16695
1 28784
5 16047
3 70404
14 13647
1 429777
9 41837
2 179051
1 234947
4 94680
21 5725
13 241
14 26360
29 3638
2 134358
11 7152
2 137395
1 148486
13 23762
2 202496
4 29701
18 4024
1 352989
2 194370
26 9194
4 83913
7 16228
5 64088
16 19923
2 213726
2 23856
1 223465
1 397422
1 359867
16 15676
2 134325
1 170438
18 8490
4 63241
1 117598
8 8431
14 19752
1 32711
5 36962
2 66967
45 733
67 658
1 141392
1 42399
1 116221
2 141082
9 12599
1 49117
26 9866
45 318
25 7260
1 203896
2 785
3 67139
3 145825
2 237891
2 76768
6 48743
1 108128
14 12396
11 30862
56 580
1 221851
4 16589
5 35879
3 92837
16 15374
8 6384
1 269797
1 125229
1 355210
1 210962
2 202819
8 33617
1 220722
1 251780
1 428963
1 192027
5 33044
1 27729
2 119904
3 1431
1 254522
1 405858
3 71895
18 3410
1 443685
2 22438
1 13127
1 299802
18 6651
1 106919
3 146997
1 61914
6 6279
47 226
6 30680
1 347332
1 155637
1 174405
4 110406
1 52582
5 27420
2 70086
14 4843
3 97128
12 22257
1 92812
1 413613
12 31632
1 184815
1 283767
16 21116
1 367776
16 7150
1 452349
1 371233
21 15489
3 50345
1 23000
1 399996
3 41143
3 85196
3 121844
3 31070
55 1572
23 812
50 1086
2 86788
21 6472
5 73783
2 42167
2 35865
3 54669
1 92212
1 314387
4 50300
1 137630
22 414
4 88222
1 364144
21 6204
1 41502
24 5032
25 6337
1 49872
12 2399
1 363980
19 9014
27 11280
5 2833
1 365675
5 29816
5 10274
2 151057
1 51774
3 68714
9 21639
1 273697
2 217778
1 199281
5 31383
4 35583
23 9687
10 36456
22 12116
16 8972
2 136838
2 58434
1 197651
3 134473
1 186053
1 272145
1 278057
18 13697
1 279589
3 150886
2 194806
1 247399
16 2678
1 323799
2 119796
1 96796
7 14325
1 87355
3 43251
7 41522
1 18042
1 59311
3 102606
4 36196
1 368452
15 3586
1 175292
1 202470
1 135997
1 357488
2 184072
1 185345
1 439890
7 34430
1 316795
23 1536
2 184027
3 53250
30 6924
1 50751
6 56880
19 16466
4 65489
1 360675
2 210130
34 5208
1 169973
5 75469
13 11703
40 2875
1 164
2 81388
3 60789
10 33172
1 340985
1 77043
4 30540
3 57948
2 170369
7 52668
15 23623
13 17005
2 6542
1 444933
1 235344
3 111894
6 72790
1 298376
32 4042
1 20967
1 291075
2 157136
14 20799
4 68442
30 4467
34 3748
2 3134
2 54176
2 151444
6 52815
1 389277
5 4150
4 11401
1 409988
2 193345
3 141464
13 11165
2 207722
1 236398
1 267330
16 8720
1 328921
26 7126
4 36308
4 113418
10 14538
1 118956
13 17708
7 58100
1 15186
4 103951
3 99056
1 195
1 37231
1 306250
21 11044
7 17325
1 69961
1 426696
1 439535
32 4909
57 689
22 11616
1 96192
1 403299
1 436250
1 203039
26 11242
1 391850
1 83975
18 2049
10 2350
2 117285
1 124803
10 39368
1 86882
22 7597
17 12989
3 89127
2 108107
1 184205
8 34542
5 43691
1 326971
1 12073
1 27946
1 17815
2 23548
1 476
1 377192
1 52665
4 86550
5 4701
8 47979
7 12972
14 5506
2 130108
16 6980
2 34081
1 199563
1 349664
1 287582
2 138003
1 130709
5 42165
1 258058
3 98338
22 5374
1 425390
5 16782
1 178429
10 19340
3 51624
26 1201
1 6015
41 1128
3 100296
2 175572
2 79046
1 261854
1 351350
1 233547
1 84822
5 33261
1 189294
2 81209
6 4249
2 136770
3 16560
2 52207
2 215481
1 441651
1 201755
2 224300
1 165115
7 34188
1 175609
8 24543
4 11238
8 3209
3 138568
6 33435
1 456614
8 16274
5 66061
2 126532
8 18171
1 146919
1 318669
1 365545
24 9708
67 877
10 21918
1 94748
2 143023
1 214553
37 3172
1 100603
4 60901
1 425190
6 33427
1 109662
31 8407
1 10223
2 186637
1 98092
1 175167
2 92374
2 128816
1 366691
2 19090
3 76801
13 18649
2 22821
1 413372
1 166609
1 340794
2 218160
3 24066
5 19468
4 19838
1 33923
1 359240
1 180495
1 218222
26 794
3 100617
6 46818
12 13759
2 112020
3 117840
1 21865
4 49925
1 99816
4 91863
1 10843
4 21618
1 380258
2 159897
1 222327
2 172414
11 18471
2 193586
2 37625
5 44342
3 47952
4 83933
1 308965
1 435007
1 318526
4 98232
11 10573
1 316554
27 10923
20 4906
5 6665
2 210400
1 338839
18 13683
5 34115
84 401
4 2540
8 9504
2 171858
2 20656
4 20898
1 136039
27 9288
5 60115
1 159330
3 2726
2 35385
28 1377
14 18566
11 14798
8 9075
2 64647
44 3244
25 12667
4 15452
5 5275
3 71418
5 46030
1 28403
4 16528
1 141443
1 241200
8 5094
1 240261
1 277783
54 2276
1 50891
2 8498
6 40511
2 101649
7 2526
10 38546
45 882
5 4532
1 119731
10 30390
2 121740
11 25363
22 4464
2 25436
1 373153
2 45989
2 130334
4 10615
2 174716
1 344336
3 5865
43 1861
9 18109
7 1207
60 629
16 19693
40 205
1 234705
1 83803
4 72995
2 11085
1 169764
1 257273
10 34220
9 27109
21 2641
3 131567
1 32820
1 435515
4 86674
5 86653
1 415818
18 18436
1 236814
33 7961
49 2017
1 37544
1 45927
2 6069
1 43291
1 189762
5 74710
2 21665
1 120268
3 135567
8 8
1 271741
21 14831
42 2272
7 58624
4 29120
1 174646
5 35619
4 113626
5 80226
15 2701
10 25259
1 386080
14 4299
4 21475
1 15560
1 194981
2 137950
4 2673
2 192887
5 5182
1 205347
1 19779
11 10966
1 113662
19 4877
1 356053
2 96033
24 2514
1 202287
1 394769
1 404229
1 244787
1 2826
2 162222
1 157320
7 48153
8 34136
3 54653
2 241340
60 474
9 6276
2 19804
2 72803
1 213781
9 31836
2 49391
1 409865
57 647
32 2459
1 7145
5 4453
2 57777
4 82885
1 137707
2 204312
5 35440
1 299344
2 205550
2 118459
2 103803
15 25493
11 10450
1 115453
1 255943
7 46115
3 60391
2 28246
1 345351
2 96643
8 35583
1 13022
13 7179
1 316184
7 52564
35 3444
25 8557
1 81423
41 2362
1 368971
1 26378
2 230973
3 40813
1 414978
31 8500
2 78785
2 108380
18 2375
1 72691
1 280628
26 9406
1 100668
8 23110
16 6671
2 5800
40 4415
1 108853
3 23003
2 143791
18 6691
3 60792
4 105423
5 15249
1 239607
1 11981
1 231544
1 92868
1 75599
1 75919
1 94260
1 442578
1 217832
1 136901
1 453853
3 9797
38 1611
1 160481
2 27933
3 105034
30 7558
1 57944
3 129304
1 227577
1 364831
2 186346
1 414023
1 410941
7 23583
1 25101
2 210802
1 301533
2 228754
5 3230
1 291908
16 12474
3 76874
3 85367
1 345758
1 207051
3 6365
5 50071
1 49985
2 202438
3 137450
1 387571
68 1041
1 455637
27 3181
1 437789
1 13042
1 260573
1 23896
50 1425
1 26573
18 15517
1 288305
2 80993
32 1931
8 46690
13 13549
7 35808
1 212517
10 22610
25 10688
8 46006
2 118145
1 387907
1 185857
1 384122
2 98161
1 425395
2 15201
22 9693
10 14530
21 10375
10 37840
1 331762
1 213099
42 2180
1 392717
1 84508
6 2431
2 37275
1 252825
5 28174
1 208633
1 390931
1 278948
15 8219
2 191793
19 1138
5 18550
2 226967
1 10513
13 830
11 31524
2 206502
3 115854
4 28577
3 104261
1 302190
4 79128
3 66840
1 403818
5 15540
4 113508
3 134513
1 316858
12 24880
1 155321
9 2468
1 388518
2 160934
21 5590
4 46498
3 62740
2 135240
44 337
27 5284
33 7795
5 22218
16 22444
1 124366
6 44835
7 21383
2 195307
1 206908
2 71952
1 304260
9 40046
21 2867
1 248385
1 205757
43 4237
2 162443
11 19852
3 138017
15 20457
15 13624
11 32895
41 1676
1 262899
4 82060
15 12516
1 244152
13 21719
6 62805
1 280064
13 2215
2 143981
21 8066
5 58748
22 10778
2 50043
6 21225
3 7713
1 77103
8 30952
2 144001
1 105091
1 93729
1 7757
1 247849
11 33249
2 227510
35 3907
1 136488
7 39194
2 68584
15 15366
8 22661
1 195317
1 432254
1 18273
1 41800
5 16581
1 66065
2 5265
16 20616
26 784
1 173256
14 17839
3 17070
1 114194
1 210083
1 340870
3 152275
31 5430
26 7670
1 263060
9 42394
1 307535
1 177447
6 10584
47 1598
6 62386
1 88765
11 9469
1 311855
14 22216
1 243005
33 6986
5 18701
4 61918
1 281555
1 222687
1 195981
1 295939
15 6936
2 30079
5 75766
11 144
20 7137
2 124206
2 23380
4 40127
12 8458
2 213763
1 183318
1 395304
3 117230
23 13975
9 31147
1 112625
3 2647
2 78032
2 117460
1 277373
4 69158
4 71561
1 455384
1 262026
1 26875
2 231609
1 286529
1 385041
5 15534
1 172080
27 5332
3 149520
1 209981
2 84005
4 79650
1 398850
1 204243
36 3574
13 10312
2 40731
1 125250
8 38861
1 314393
1 75562
10 13414
13 22199
2 66747
26 11201
1 371706
1 385488
1 236478
5 31930
1 418007
9 27161
1 172902
1 447971
8 2356
1 386365
3 74345
1 408707
2 241689
2 171004
3 38706
33 2419
7 56661
27 1074
38 396
23 9172
3 100735
22 1635
2 118322
17 16262
3 40934
1 52148
1 19530
2 203986
19 8682
1 35522
1 262268
28 5571
17 15217
22 1343
8 41545
1 69721
3 22613
1 39720
5 25356
1 157128
2 23435
5 63216
1 355288
1 385529
2 105805
2 157400
2 44491
4 109625
5 44421
7 23895
25 11244
2 93328
45 1975
5 35666
15 10027
18 2901
1 392250
4 72562
34 7552
1 212642
1 11274
1 432521
1 84140
11 33670
10 4541
60 919
1 262467
21 4272
2 8624
3 141489
2 86134
9 17805
3 92463
1 111010
6 71209
12 6164
15 7499
2 34307
2 165938
1 111273
6 9450
17 6454
2 217911
4 65954
2 30925
2 142770
2 165684
2 122700
1 182042
1 213093
2 214626
1 262102
1 170655
1 366974
1 300902
3 48305
3 20797
9 14625
2 104334
14 18443
18 2109
2 126202
13 16707
7 9046
1 377857
1 64646
1 357766
7 47703
2 157359
12 11086
4 47052
1 330919
5 64574
2 54300
2 119916
6 50779
1 192526
2 194208
1 166750
11 9980
8 48657
1 317293
10 4758
21 8182
6 69599
1 134253
11 2516
5 27643
1 309457
21 15577
4 15617
18 19559
1 213792
16 2244
2 46172
83 422
2 87416
2 116935
2 96419
1 278227
1 430953
1 309947
2 44385
3 149760
1 392996
1 121728
2 78621
1 179986
3 74495
4 85666
32 1510
1 136905
1 334051
66 1156
1 381489
1 454393
6 133
1 153669
12 5051
2 24741
1 232906
1 147746
2 58453
47 1432
1 137548
13 15805
1 99832
1 187160
1 191161
1 88976
1 342622
1 250373
11 14386
1 278665
1 339408
1 269179
1 185168
3 103716
1 70829
5 33785
3 49688
17 14083
1 206987
1 269883
8 16717
1 9213
1 167419
1 45273
1 5473
1 104067
3 126009
1 81088
1 158594
20 16868
2 17088
5 40372
3 52773
1 273954
2 183664
1 410141
4 83644
10 33477
1 115591
14 20389
8 10012
1 295370
2 94267
27 6318
2 70266
1 140039
1 163844
2 57649
20 4663
1 64248
2 171412
2 125768
2 104718
1 215635
11 12818
28 6375
1 230892
9 40255
10 26055
1 353186
1 317179
18 11469
1 206338
1 202093
3 23043
2 137872
17 3317
1 118002
3 145902
1 165410
2 64998
2 58748
3 57468
1 33863
1 155325
1 52163
29 1543
22 2693
1 102919
31 144
2 47486
1 169899
1 447734
7 25740
44 304
2 54935
1 353075
11 9330
1 224965
25 3353
2 59012
1 284606
20 8065
1 377215
2 223451
9 26176
30 5927
2 115421
6 4651
1 441557
2 96201
62 1542
1 350163
2 11122
3 15513
2 47422
1 295937
1 319718
17 20429
1 110471
1 331246
3 55597
1 65450
3 10495
8 14314
33 1807
4 13192
3 39897
2 120483
1 132250
18 3782
2 70959
6 24802
15 4612
1 406388
1 415859
1 45596
2 89548
13 27074
1 128876
1 405734
1 257310
2 65034
2 37773
2 135031
2 232385
2 26550
63 1395
4 31088
6 35962
3 40162
1 437672
1 245631
1 130908
2 184500
1 444223
2 142006
61 363
1 173696
3 95942
7 52062
47 411
1 69103
1 265732
1 15878
1 3910
6 11624
18 15570
1 97021
5 55826
63 1644
4 48500
1 419110
4 95589
2 213047
3 41288
16 22680
3 60623
4 45870
1 297111
1 445142
1 299016
7 21796
1 286273
3 75139
1 238539
14 20796
17 12317
1 431575
1 131775
1 435764
2 145554
4 58663
8 13076
2 30171
1 332059
13 25506
1 387893
13 13086
1 402580
15 6606
15 24979
2 172793
1 91081
1 4250
2 157682
1 455567
3 63164
2 71130
1 42170
1 305513
2 106518
8 46348
1 453318
2 47465
17 394
1 416627
1 182423
5 1157
3 73661
11 32664
1 132656
1 242420
2 24125
13 9590
5 43009
1 313052
1 293694
1 398769
3 82624
1 357514
1 145468
5 42152
4 57573
1 379644
27 10141
1 349462
4 40940
4 8162
4 62513
1 248028
4 44608
2 12210
2 9013
6 17802
1 282689
5 19641
1 311722
2 70169
1 323576
1 127180
2 213052
2 238834
1 318246
1 449958
1 82800
1 449127
1 168861
1 384287
9 19038
14 751
4 71434
4 73435
3 121444
1 392751
4 56792
2 98774
2 217866
3 145915
1 381576
1 310307
2 9029
1 59443
6 32521
1 166372
32 7376
1 177794
2 5274
4 51689
16 6194
1 178541
17 9892
1 190319
5 63263
1 6197
2 154695
1 428662
1 414553
49 170
1 240619
1 442503
1 403073
1 244017
1 8604
2 35497
2 200955
2 129777
42 4144
1 4471
42 4597
24 8662
6 61299
5 73523
2 39019
3 7382
1 291847
20 12474
3 122375
1 445839
10 15112
46 1751
1 82951
6 770
1 129096
4 39932
12 401
2 181727
27 3668
7 7834
2 865
2 176636
1 169697
7 26420
3 61533
2 38233
2 207225
1 104763
21 14125
6 69126
8 7530
1 361011
34 6841
1 33313
1 212400
9 14020
2 188241
2 55651
1 333525
17 7256
24 8466
3 130877
2 100664
13 24698
9 44599
1 286545
1 156619
17 6353
1 337635
4 60103
2 98671
2 102877
2 227122
2 229563
1 2151
2 223849
2 159168
1 454250
4 83977
6 34965
1 269353
8 36413
4 53610
6 48638
1 11856
33 3144
2 26149
7 2360
1 266164
2 1948
15 19109
1 302698
3 9759
3 69369
31 5621
1 118448
5 41141
3 5946
6 49851
6 67999
1 285467
2 239630
2 203657
1 64436
5 60772
1 361053
2 121686
3 129186
1 98375
17 7861
2 203846
1 165081
38 2705
24 8844
1 395919
1 283288
2 59361
7 60349
2 191215
3 139706
1 3286
1 55663
1 73535
3 14863
1 280052
19 8539
39 4331
1 180956
3 7437
4 54897
1 183410
1 422205
59 592
1 75344
1 355224
1 387774
1 137218
1 254961
3 52812
1 216600
3 112720
1 258650
3 100396
18 7886
4 108773
3 52396
5 64816
1 20443
1 288978
2 107525
1 205295
1 114602
2 80355
7 19741
4 47861
6 20000
4 76799
38 1821
1 56319
3 104440
1 259444
1 39909
2 103707
1 291615
8 49574
9 43332
2 202915
1 32549
2 136514
1 141426
28 9005
7 30515
1 101861
2 237287
4 16426
16 21609
60 1096
19 4737
10 12604
2 29631
6 49008
3 31386
1 153884
4 13608
22 15197
1 105957
86 327
3 31254
3 88597
3 95757
1 404146
14 4822
1 440045
23 14273
1 121599
1 234272
17 15505
16 21844
1 12632
3 28692
27 7142
1 99914
17 2649
1 439349
1 144176
2 64252
1 455960
3 151641
1 54789
1 329427
2 158044
1 192071
1 148046
1 186767
26 122
3 35738
2 160111
6 40434
20 3914
1 61497
5 49583
19 10451
1 335149
4 101340
1 9424
10 18616
2 194345
9 43708
2 166227
3 145682
2 16501
1 37987
1 340959
46 1639
6 44260
1 80542
1 160872
1 70722
2 152116
2 34692
1 333918
1 124573
76 194
1 42916
7 8754
6 53770
6 61648
6 68820
1 360693
2 77353
74 122
3 7159
1 424456
10 6723
2 95813
2 147937
2 93490
4 38203
1 430918
3 107718
3 17093
2 111081
2 199489
1 407747
3 79641
1 28262
6 64412
1 117724
2 170091
1 443845
1 305334
4 102296
10 37781
1 382055
4 71925
43 188
1 374552
20 1751
42 1930
2 87946
2 208003
1 10930
2 236713
3 8868
1 91765
8 17405
1 98675
6 15279
42 163
17 8068
4 99373
3 59764
40 871
2 106451
1 266537
1 417014
1 320117
39 2321
1 278991
7 17525
2 35545
1 301760
10 1002
1 108658
4 37154
7 60008
40 3823
2 203795
7 48330
7 4235
4 28411
1 349194
34 1432
2 133683
1 454880
18 18863
1 135892
3 48848
6 32677
1 73159
10 36320
2 172879
1 398529
5 6061
2 7337
3 141002
2 72046
1 351651
1 182682
1 62424
2 72835
4 64256
1 376376
36 1956
9 38479
4 74157
58 1742
3 39134
47 2642
10 35242
73 731
8 1895
1 95067
23 3784
3 55660
12 21951
1 329476
3 33269
8 32033
43 1525
2 1471
1 279361
8 45098
45 194
2 178775
2 173139
13 24539
9 30046
1 386012
46 1584
1 322178
1 267374
4 92886
3 33439
9 27766
1 276878
3 110378
1 45009
3 32951
1 78524
1 265643
27 7372
4 31603
4 40499
5 84063
26 3864
1 321115
1 221744
1 96037
1 58458
1 297699
4 72455
8 26995
1 86670
13 26414
2 62439
5 10597
30 5521
9 10842
2 208481
7 22212
30 6632
4 24909
7 55754
3 53630
43 1611
2 32598
1 376545
2 106577
12 31548
1 191466
7 8762
2 200360
10 31898
8 47868
2 206294
39 3100
5 74654
1 24327
5 36449
26 12008
17 18783
1 439576
1 128629
1 414582
1 337429
1 447122
1 368938
16 22727
1 312735
3 100159
4 17407
10 12695
40 2801
6 54389
1 163273
16 12583
5 2093
2 104456
2 159871
2 160316
3 19679
13 24309
38 6074
1 60995
13 15277
13 11690
1 336990
1 278730
2 101750
5 30041
1 338840
1 165290
3 147137
4 39537
1 303443
2 135596
2 127789
7 58700
1 450724
1 431211
3 71118
1 24498
41 1179
1 64521
