482 160
529 190
475 342
246 87
179 38
425 231
292 122
535 213
480 201
211 18
920 1
375 252
200 73
205 175
493 237
266 165
1459 1
462 43
195 142
537 23
741 1
192 1
547 147
488 209
470 1
428 331
423 344
1452 1
695 38
303 11
425 239
213 1
408 334
620 92
373 209
198 25
407 276
855 1
512 233
388 85
371 323
360 86
281 38
798 1
380 120
489 15
655 1
163 19
1626 1
1687 1
754 10
398 12
271 247
78 2
494 114
826 1
631 44
560 151
608 2
498 153
101 41
409 180
517 277
1500 1
154 60
312 283
1546 1
409 261
139 1
422 197
1664 1
453 340
409 75
322 4
472 235
1242 1
103 97
471 150
304 1
128 62
337 117
276 38
540 238
805 1
371 179
145 67
436 409
327 239
583 36
480 217
63 1
360 208
462 234
433 1
223 210
450 429
392 195
532 161
77 1
126 42
205 57
854 1
301 183
512 153
432 431
280 169
539 85
1505 1
155 1
162 108
361 176
131 113
558 107
472 36
566 1
177 63
255 236
343 180
323 12
166 103
339 222
398 317
535 70
78 4
229 28
357 80
265 262
366 1
386 293
478 404
573 103
1672 1
215 193
434 10
366 86
454 43
164 93
425 377
446 396
183 30
237 1
346 144
446 418
1258 1
583 131
131 105
279 114
92 50
584 70
267 229
501 49
232 138
629 37
171 38
383 42
523 117
107 101
286 84
152 94
432 261
191 1
314 210
313 28
235 227
716 1
558 192
469 327
333 108
228 221
313 21
555 117
87 1
459 238
534 1
223 185
688 38
168 42
537 191
323 280
603 20
231 45
59 44
313 286
1205 1
418 110
246 217
303 12
554 19
307 145
1403 1
799 1
456 7
1413 1
208 179
168 66
1478 1
605 127
535 26
237 135
461 114
1403 1
613 57
221 190
469 301
170 147
556 164
496 1
318 161
903 1
311 178
399 156
695 48
383 244
201 69
257 91
402 187
171 152
183 21
256 220
553 13
55 32
957 1
466 23
357 280
504 255
419 144
195 178
618 34
509 233
324 295
293 39
439 307
832 1
13 1
473 221
309 94
418 87
617 1
386 102
460 411
814 1
501 328
664 35
483 208
343 1
63 42
466 120
1555 1
575 167
222 164
257 100
485 125
251 249
361 317
356 1
442 181
575 115
245 241
538 113
298 101
461 441
279 149
508 284
525 154
810 1
508 312
245 192
359 154
379 116
250 127
510 243
391 236
470 442
737 29
292 1
1685 1
330 97
374 197
475 84
439 64
485 351
533 82
442 184
451 386
458 231
540 118
383 369
991 1
181 1
540 150
448 445
397 85
336 1
1074 1
768 10
338 267
493 250
105 89
729 2
478 217
250 192
293 115
613 92
698 10
473 271
51 1
730 1
235 162
353 133
238 140
534 21
470 136
243 189
203 40
499 1
371 369
416 11
443 419
431 1
1600 1
288 223
367 330
474 349
516 64
715 1
1160 1
327 259
247 1
136 88
369 1
408 391
1155 1
386 110
491 221
348 287
344 103
462 252
514 18
215 1
188 126
498 77
1011 1
635 17
86 8
388 236
489 216
596 139
471 435
228 54
433 50
358 1
295 732
218 1333
13 10030
30 27411
119 10234
12 14971
91 14931
109 8469
10 55331
21 4947
102 7868
17 44530
55 17029
78 13625
1 56857
16 26721
7 6510
1 27138
268 1800
81 15111
26 22426
5 53293
170 674
1 157129
127 2855
15 54390
157 1848
1 56775
26 4537
51 11987
12 60656
51 16230
12 53106
3 105424
58 11367
54 17552
219 1820
33 32747
44 20006
41 20640
102 6859
14 930
54 11862
13 17526
18 30914
37 15375
37 15175
4 47099
82 5358
128 6425
176 5160
53 10988
4 42431
143 3133
113 3725
7 83999
81 1528
49 25191
151 3432
98 8307
130 2544
117 4025
16 27770
24 44827
10 40078
12 37208
1 42294
16 27495
1 85934
27 17304
6 62292
32 11146
61 4687
97 5586
111 5911
42 5178
27 26772
43 11924
23 4687
219 2412
211 1619
1 99895
147 925
1 96527
19 24427
43 276
4 46846
113 2469
150 1828
12 37275
203 2374
4 120074
10 54387
51 12952
19 55483
3 48275
106 4821
159 2157
25 26260
45 30412
16 28837
148 892
56 13855
115 5890
129 6342
359 665
87 11839
14 52170
106 6903
146 4464
52 13912
36 5372
7 41939
147 2813
116 4605
30 21971
1 8738
101 11244
8 7646
67 17545
189 1314
1 4775
30 5800
1 164125
8 81316
101 6703
80 2896
62 21557
63 5576
20 40536
12 13462
174 3020
51 21708
33 34152
162 5480
1 69085
52 26555
31 39910
4 102785
225 2347
369 678
222 1540
10 66759
46 28754
25 39953
24 48402
37 33284
28 40580
39 29172
1 38255
158 5499
46 3849
96 3106
47 6026
12 36934
55 11578
12 37423
189 2632
101 12622
10 47911
149 972
22 3870
1 15003
42 11244
6 52920
73 4948
168 2629
114 4741
54 10919
152 3012
92 6582
29 26561
3 72781
312 745
6 16513
200 3973
349 726
280 367
40 22243
102 10470
26 15292
27 27130
23 39373
50 2551
15 42617
25 14492
26 8749
48 15792
16 63606
94 1305
75 6895
38 28405
15 23342
1 96738
146 3126
1 58935
3 85726
8 74550
4 61422
7 80184
2 127737
61 18209
70 20168
14 12797
53 25930
103 3828
52 11998
17 13153
2 124156
352 595
3 55846
392 636
297 1364
98 6280
82 14971
5 36236
58 22429
2 143165
40 6499
54 4662
75 742
1 15837
75 11294
56 3657
6 28461
36 34175
78 6722
69 12809
2 5793
2 15564
261 485
237 552
29 2047
4 49592
16 25867
31 28966
65 1890
60 16592
26 46456
22 11164
11 502
11 36335
234 2508
47 13720
203 1468
105 5775
46 6059
42 16046
37 16767
18 47029
199 2429
2 17663
51 3263
119 9076
268 2054
146 542
18 41726
15 34816
9 41167
40 11411
102 5783
2 58731
132 2138
4 92632
8 27460
1 52264
13 59925
20 52336
150 4704
16 32610
1 421
137 5193
9 21346
119 9921
12 47637
47 6183
2 53512
22 27493
125 2378
124 5292
59 17683
8 38369
134 7444
277 726
39 34726
201 1093
79 7840
43 23973
143 6452
7 40287
38 6292
12 60900
241 2908
54 7652
49 5045
1 57299
126 154
48 12369
60 12532
32 12119
3 115014
3 46578
15 9855
7 57186
55 6917
89 11043
20 7458
22 10413
57 11859
9 32390
4 7047
32 35490
5 53713
139 4294
17 26484
18 29398
2 54087
22 10517
8 334
337 1205
7 57893
44 9216
1 137538
26 2454
4 32040
21 15454
7 19951
358 475
107 5567
15 990
57 7994
31 39539
66 8403
6 95565
13 47541
228 1132
1 68521
31 13502
56 9872
183 858
5 43916
238 2394
103 7711
256 1948
1 4072
1 10785
125 9812
3 32817
15 48996
142 5880
42 19046
29 12684
23 45601
206 907
1 75724
85 10374
1 101134
209 808
2 51462
71 18501
249 1429
64 5179
38 19652
40 16756
62 18600
31 28919
81 8967
7 1428
28 34735
39 6800
77 750
247 2063
19 54089
106 9971
44 22713
81 2624
317 336
8 64914
8 15298
3 88348
141 3360
41 25838
22 43415
12 36226
123 3903
2 141686
65 17665
380 899
266 699
68 3931
63 18795
17 3889
28 4578
171 3862
24 19950
176 1625
4 91007
55 1963
8 52711
2 140999
42 25426
123 9850
146 6227
27 39081
12 54585
33 32562
12 29559
8 83644
2 49133
3 83386
13 23794
181 5440
19 41482
11 55339
8 75146
42 25573
101 8472
142 1933
127 5511
1 139729
230 2059
17 12047
223 2177
37 22772
6 9611
19 33229
158 2277
17 34216
1 137133
6 46537
17 26295
20 20725
38 1865
83 9000
22 614
3 17395
3 111211
307 460
2 80529
32 23861
30 7934
1 156297
298 747
40 23855
59 18694
3 45015
25 16167
57 5464
87 6273
79 4759
233 1695
11 1354
24 2180
54 16293
13 15728
19 32568
19 24475
6 18715
43 24091
6 25495
25 42872
21 14159
143 531
28 8553
30 38314
8 5693
15 15347
113 10285
34 29649
90 2376
26 46502
68 2675
124 1716
296 1743
45 9014
30 11454
124 7910
27 4421
59 18823
171 1496
124 450
46 7230
14 36837
1 94468
4 34300
45 8470
66 1343
3 131040
204 1290
75 12424
259 1906
85 8335
63 14230
15 11333
27 2294
59 19149
86 15531
37 5696
287 1124
119 2365
12 64092
5 70567
8 42762
18 10146
52 20458
40 17165
129 1787
27 8910
136 2928
23 3914
55 12798
28 7198
54 21002
2 90530
328 1280
16 55420
26 8503
235 303
134 7879
319 1306
91 13981
90 12129
8 55011
3 25952
53 21646
27 12778
5 62244
53 23603
127 6708
295 960
1 153647
171 983
92 13194
182 4537
154 2948
5 81574
2 94676
23 12468
12 15919
255 1037
153 599
20 32124
306 653
100 10941
38 5397
317 376
59 18917
2 143164
29 29825
35 20758
36 8049
18 16629
30 19251
11 14592
3 101607
14 60440
40 15290
99 7640
27 3400
61 13130
9 71994
21 28990
106 3060
63 12163
12 64484
52 5699
6 83599
5 49467
6 25173
78 14567
64 386
4 56990
122 1431
68 5439
116 2983
28 37479
1 30223
2 64409
37 14867
276 2086
48 28111
119 3455
103 6350
57 23839
29 8356
13 63778
170 2635
15 9718
34 18135
2 50620
79 14023
90 4117
8 42495
24 40619
39 3047
161 480
13 68534
35 33290
66 8714
7 22505
60 16600
45 7672
16 6681
16 49717
9 8534
31 13862
26 30862
79 10199
117 174
4 85473
8 62636
110 4444
38 18948
5 95619
9 73970
93 12808
232 719
313 710
94 14473
13 62448
95 3902
12 29038
69 16828
40 17417
144 3296
89 4290
185 4910
8 12072
10 40315
23 26253
86 4137
116 1098
19 12555
20 4239
2 131671
139 4025
34 1486
33 28356
83 6016
4 14069
1 77510
61 12198
29 34017
91 8913
41 32860
36 19441
113 7223
38 33019
20 23295
160 3030
3 55603
111 3177
8 77560
147 3263
25 22152
114 4926
1 153449
7 11423
2 110882
130 2021
26 23417
7 12725
25 41738
61 7692
20 36183
138 5163
82 7597
7 53580
206 2376
2 144277
137 6505
123 2007
48 28529
29 34118
123 2894
14 36568
30 7922
36 29155
28 11933
9 54384
29 29469
5 11907
167 4046
65 10484
78 11492
21 3188
30 16620
19 49075
104 1341
148 2000
37 10103
9 69428
38 372
85 15252
34 11795
14 3974
16 38438
153 2168
58 13776
16 15276
1 136316
7 80340
8 30760
67 7039
32 37439
1 118788
10 10405
37 9061
6 76256
56 22840
20 18630
8 35521
10 19456
145 5240
79 5943
15 41665
1 28996
16 28017
45 7242
1 94096
15 7403
4 57668
14 15585
20 12506
9 51952
15 27593
6 32404
225 3062
4 99173
29 20802
36 32958
6 25660
117 2337
2 48586
17 60882
140 1028
24 12438
102 2930
158 2319
76 11705
210 1979
109 7481
397 798
20 19677
23 38516
7 26064
2 71779
173 2352
17 52668
11 46278
102 5260
131 2483
16 5359
50 24274
78 15458
19 37029
11 13001
65 10176
3 8840
4 91284
2 133452
137 936
2 4656
6 47732
31 27095
168 4619
7 32911
187 2067
1 26562
135 4873
49 14470
22 4515
315 682
167 626
67 7155
8 66055
54 9697
1 119583
35 37364
1 63834
28 39275
5 70548
15 53741
105 9995
15 52947
29 20555
90 6690
32 28999
102 12847
82 832
45 1022
38 5688
22 15791
34 4272
1 171665
1 144709
33 22090
13 3513
9 16955
67 12190
190 2393
411 598
45 19182
59 12623
30 11618
22 34546
52 11363
10 62832
8 71168
77 12075
4 48410
51 7923
275 1316
61 14138
178 5219
1 94990
48 16433
206 1085
11 50121
28 23190
93 14125
10 9568
36 4826
21 49238
45 17219
163 3378
80 11480
15 65134
12 33944
220 755
5 8563
1 159883
14 57145
82 3037
33 19760
6 845
41 23209
60 23758
313 1468
129 2955
1 161898
80 2828
4 104687
1 84182
7 34257
50 4414
69 15091
42 654
39 2447
148 3215
2 94416
45 21899
31 41966
39 9813
27 9757
1 95608
105 10346
11 70405
154 5731
35 36930
1 10547
30 13633
87 182
39 4367
3 48987
108 9378
21 36529
9 48314
25 30147
292 1450
13 70681
5 59342
1 161716
5 37912
65 17803
227 954
63 10824
41 6193
102 12455
19 57179
6 68892
58 6712
1 69980
314 1634
8 81808
14 58270
83 8728
75 2163
109 7989
23 6803
108 9794
345 350
111 9575
204 1136
103 10232
96 1583
70 4685
114 6247
9 80794
114 9202
31 13618
73 1086
17 23891
60 19962
3 1399
2 89885
28 32367
75 9175
174 1026
65 19066
6 24301
12 551
33 2721
5 86389
276 324
2 101366
59 5192
274 2038
175 787
57 4578
2 34794
208 3881
397 451
74 6852
30 34267
91 5230
98 5748
232 809
39 20688
6 30283
1 92457
111 411
73 1582
39 16208
146 1747
99 8935
70 20077
96 9595
1 43998
256 1558
5 93931
116 3331
31 40678
48 13372
10 31179
25 7310
79 1524
4 38899
16 4197
20 1269
8 81011
44 5225
50 13210
33 19394
204 3989
32 25223
7 45231
15 15137
179 5427
82 13084
25 28018
16 5899
142 3215
29 7097
9 66447
237 2191
5 37778
9 58018
50 21577
1 8640
50 8840
188 3744
8 40359
11 36011
10 49364
2 128099
201 3220
3 32170
22 26945
19 28053
70 14847
2 120264
28 26859
2 10797
43 9490
11 60711
118 6797
69 10205
9 82704
25 4405
14 36965
15 14731
8 45276
1 1410
72 216
12 5107
193 3322
27 16326
88 7501
37 22295
56 13715
175 1487
112 8154
240 1991
202 4157
50 1275
88 14880
218 3040
10 2574
15 25069
231 2090
192 692
184 5152
26 6690
2 135223
2 14210
209 2171
1 41588
26 3691
2 129286
83 9898
162 5691
11 45954
90 3475
14 48042
20 10513
145 2231
83 13564
9 81794
47 8903
31 14569
26 1276
1 124548
43 21921
18 28492
1 7324
128 9829
67 15791
99 8021
411 673
235 1863
76 8965
8 36059
23 14922
18 17752
148 3059
17 16464
70 20002
46 14271
4 111475
157 3196
127 765
290 989
121 9193
2 17780
1 161338
6 59814
39 4170
36 4883
166 282
116 8863
92 9437
12 54528
115 8196
55 23626
114 11241
7 73285
13 37762
23 22070
9 51243
3 41150
2 101864
1 156821
15 19933
107 8262
1 30799
238 2508
124 5483
50 6564
5 58828
11 51794
14 49851
11 1470
38 33413
34 770
5 102017
11 72610
5 106455
15 53817
14 61070
35 1299
4 80786
30 29458
52 16713
2 51728
41 9177
187 1059
54 26022
299 1215
2 79576
41 26008
37 27355
160 1319
101 1200
66 14519
9 13182
48 22582
126 3277
53 20122
11 35665
41 23894
84 5058
202 4469
27 14338
6 92453
109 7350
47 19014
9 17853
81 16396
7 68104
37 22043
45 3295
13 35345
55 14332
6 1105
301 1190
135 5480
3 21489
181 2329
41 26150
28 3113
56 20722
67 3846
166 4447
1 95485
1 69665
86 11312
7 63930
24 18514
45 26845
8 82723
2 64681
59 22735
5 66072
60 13783
1 15108
10 3406
133 641
33 22239
13 17537
23 48527
42 31377
6 67047
4 111387
5 24316
6 12412
36 30353
75 1102
217 874
82 1385
59 12803
200 1275
17 23230
20 481
137 2198
7 35879
49 11988
30 16423
200 723
156 516
139 7444
40 16317
34 27508
76 6107
2 42447
14 47820
102 404
3 101953
11 29197
101 12069
1 32379
92 3617
7 515
190 4568
139 1652
3 22812
35 890
30 8871
8 29792
32 40520
19 22273
30 33589
110 8570
62 22441
14 39526
43 13319
111 1988
29 4170
136 906
34 22027
13 4127
26 22440
38 25609
147 2358
1 18796
5 18336
18 53142
9 2883
7 29029
35 23910
44 23535
1 109160
30 13470
10 19411
1 138219
27 41068
208 3200
165 3243
48 18228
150 4445
44 571
31 40959
2 10990
149 7586
4 3854
104 6090
78 6021
8 72993
23 35082
4 10989
140 4666
17 26855
35 37356
1 72364
20 6699
108 7463
271 405
129 7766
225 1110
83 1669
192 1589
19 18842
1 169860
37 11008
54 1833
1 131387
1 78057
37 4521
82 2698
54 12246
3 26129
71 5817
61 19701
312 1086
32 27596
29 23216
11 52564
73 16241
95 11347
104 1460
9 49839
418 460
2 96237
53 2773
222 2439
75 17182
128 2857
155 5088
9 26833
16 63622
30 38636
404 727
7 70214
7 27862
124 6077
38 8511
230 2626
67 4706
33 15818
1 12716
37 33470
28 1483
45 15800
7 80557
164 351
12 57901
88 12560
6 54156
164 2292
10 54838
4 28274
187 4723
23 19990
118 5854
61 2734
143 6244
5 22268
78 13881
4 90621
68 11463
146 6400
40 8057
12 45791
7 63132
23 37471
1 58196
54 2322
29 22739
42 2022
53 10471
76 5091
28 28286
5 25554
10 50340
18 22661
38 28034
41 33165
94 11857
2 90227
32 29985
73 1083
149 2598
82 14743
136 2409
89 14600
9 22956
181 1798
5 87989
1 18964
1 51084
87 11881
111 8703
37 5672
21 12895
51 5255
68 7792
6 52206
10 41979
32 17250
31 3064
114 4165
132 3870
1 122744
28 14457
63 4990
54 17535
52 20672
1 140935
10 65641
33 28376
3 34163
240 1708
19 55893
25 7560
13 28051
50 10115
75 2196
5 97079
110 1224
66 10581
58 10775
386 514
1 3382
2 77276
1 2847
3 57566
28 10303
111 5806
9 72192
8 6285
7 85912
5 60115
19 45535
3 47975
35 37662
35 25586
45 30502
211 744
60 14991
6 4291
22 7412
2 115791
34 11043
6 11405
204 818
128 8032
5 18978
117 7824
4 58079
27 36523
101 4941
3 85846
73 4600
6 20729
6 83360
103 7980
175 1492
1 124383
77 6403
85 9144
70 8886
25 44327
134 2449
76 13731
61 5443
84 3366
41 27706
164 4578
269 1907
387 742
39 5536
7 91521
6 77162
382 728
4 97277
1 10485
4 121336
23 5655
72 5512
20 50532
1 61595
88 11093
41 14326
12 4910
78 141
88 2335
76 3966
101 10071
33 26215
49 1924
59 19600
73 4165
80 11385
35 18855
204 2944
166 4710
14 56105
21 50013
129 3627
178 1206
125 8329
107 8741
10 77253
1 61768
158 6598
128 8549
3 69605
88 5223
337 1260
51 6305
51 15103
26 11250
25 49164
51 23611
67 14551
300 1035
30 29147
411 460
8 21036
122 7701
5 40106
26 28339
51 9480
124 3394
1 52269
11 18589
24 41976
93 9507
111 7590
87 12322
16 13489
39 28245
244 563
44 25539
25 36
69 2004
6 13293
1 173498
153 3831
9 52475
81 1848
221 2819
6 60253
59 14768
74 6007
37 34180
1 22992
19 12538
13 38773
14 5044
18 46914
29 6385
60 6540
50 5170
105 11882
44 22082
17 7239
151 4919
31 15910
243 1919
1 65420
14 3884
54 15145
43 25258
228 3325
132 7798
163 5737
27 30291
112 162
115 10781
28 30489
175 813
46 8519
106 1980
29 25215
80 12231
1 169780
106 1107
18 21443
1 14493
70 16960
42 19277
116 6035
179 2189
8 43474
19 35717
78 7807
131 8920
59 7022
33 27994
4 31691
3 21976
23 12556
2 16953
19 13673
21 39203
25 26261
19 46451
336 1310
29 28472
28 36818
112 10410
47 15856
9 33140
5 35771
36 34622
269 372
47 16863
78 16779
94 6222
42 4924
317 919
1 146525
33 28587
44 162
1 25049
174 3907
7 11301
39 34056
121 9295
45 374
47 6724
3 17576
184 1643
56 21944
11 49226
3 87105
16 39972
47 2773
38 7717
12 57632
2 111355
8 39978
8 68930
57 8831
121 6001
39 25579
109 3005
63 21050
8 79208
9 27886
14 67028
134 5986
54 10042
3 51018
29 20945
9 274
30 2184
59 220
18 56300
32 24507
77 3140
14 20671
217 2100
4 63373
43 22567
247 1143
268 1752
84 14181
12 9127
24 47999
16 5057
24 10994
82 11721
33 11831
23 26335
22 36870
109 7721
257 316
239 597
6 7761
9 54435
45 30739
255 381
120 3370
6 9073
8 67958
147 4420
17 34531
44 16207
9 37853
36 33215
50 15411
40 33103
15 58399
38 7222
86 1326
10 52664
1 145018
125 6322
2 110079
8 12719
41 7892
1 44991
2 33506
26 36264
31 5222
268 448
30 1529
6 8458
11 5517
13 20251
78 8689
25 48625
20 14746
6 3215
1 77194
9 22171
27 35071
36 33735
7 14877
54 11689
79 16159
5 3650
249 2681
12 47228
6 65778
27 38346
31 37575
27 22391
110 1810
17 43765
9 1796
36 25507
18 30429
2 89732
64 6714
9 19401
20 20337
1 98473
1 171465
72 12293
35 28290
28 1481
21 36388
128 3802
33 40220
100 6325
2 65431
107 239
21 41877
82 12976
2 136375
286 473
137 381
34 2913
42 12813
1 121545
3 30177
195 4198
99 10850
120 393
15 61441
31 18904
31 28092
18 48637
136 8487
27 40498
66 16494
81 956
23 29854
24 4925
6 85937
50 15229
69 7907
363 1101
123 3828
16 20970
63 20808
37 34851
31 30169
81 16723
121 5085
50 24441
2 19962
40 16191
44 25679
3 126123
7 77169
15 176
10 14795
13 9070
5 33164
12 25437
4 61696
4 26821
63 2759
1 131109
5 41925
30 14856
27 26980
343 1038
51 5445
48 447
1 132304
111 11175
245 1524
356 1107
23 39082
191 425
168 229
166 6264
4 94578
64 1996
104 3849
70 16821
6 48956
35 22002
5 53165
4 29199
318 617
17 26658
260 2608
207 3948
5 43500
3 34248
54 25271
48 7853
330 898
34 7142
19 41942
163 5018
34 5108
99 5018
28 35002
37 8739
262 1430
19 47750
20 11026
34 15161
33 17116
25 24921
79 9264
144 4358
159 2001
4 63165
95 393
18 36983
10 27616
4 5252
1 62682
10 69836
171 2404
26 47335
1 20795
1 59909
218 1414
154 5626
48 8073
68 11906
180 4776
34 20713
11 41798
8 25551
80 6821
258 952
79 15474
3 104063
276 1450
32 38852
16 33620
142 250
1 92980
56 14472
7 21555
9 77449
264 734
139 2825
78 3005
60 13785
7 69528
7 14179
70 10916
143 7686
28 43509
82 9137
100 5663
15 13859
268 1629
61 7249
7 3568
283 287
14 49261
2 89825
148 385
20 43229
7 28672
161 4421
4 120462
84 9082
1 21352
34 3851
187 4486
3 117017
42 70
1 171121
7 47327
9 62897
23 35291
82 3234
148 3397
7 75916
14 6931
123 8429
2 120237
85 5571
2 122350
82 12285
4 93521
30 27567
141 7262
6 70044
40 23032
4 12726
101 2819
1 129161
29 3458
67 17209
66 3247
17 38161
229 384
6 92481
1 66917
23 6972
57 19363
24 22934
40 18540
74 6756
21 31224
102 7338
48 17708
16 19812
92 3529
18 57413
19 39989
196 569
345 394
24 7605
1 110852
1 126411
20 10157
4 80252
2 81839
6 35692
89 14164
21 43066
176 4547
26 25779
28 5282
10 52663
154 192
46 7952
2 1298
15 1712
39 28111
125 5243
3 21173
275 677
92 11526
117 6200
1 52390
38 13538
74 5165
129 883
1 112006
342 998
57 7109
5 58452
31 37508
342 1292
119 1039
192 3918
36 33464
251 1311
17 60055
12 13882
28 11680
124 8492
30 38127
264 1132
5 101226
217 891
121 6202
252 1539
61 13326
10 54195
23 3875
109 9861
30 15303
350 1142
39 15196
90 8007
17 21952
1 8232
7 18913
12 68051
118 5618
29 41667
31 15479
169 967
119 3215
6 30706
2 39509
180 500
38 26204
22 27286
28 34349
43 21847
5 78424
43 1476
30 17723
174 5165
19 12216
1 39641
34 10029
1 34659
102 3326
15 39510
99 7793
49 8924
4 103826
113 9529
22 13638
72 17344
144 2286
59 14733
21 14837
15 14653
4 83490
2 93737
67 20280
35 14073
2 22725
105 11239
25 43865
10 29499
28 22760
54 7656
30 21978
1 105593
88 4675
55 1322
6 44947
24 39300
1 109374
55 2049
4 3927
27 18234
10 13880
122 7049
138 7341
7 29724
3 5071
233 964
20 18875
6 75259
126 9530
14 60503
31 28192
78 5490
40 23278
2 14305
22 53479
24 5617
29 28305
42 24362
237 2684
41 15853
20 13424
51 23852
173 1696
130 9471
115 7982
116 7612
1 66003
2 138969
16 16393
54 13020
133 1217
34 18873
1 31048
8 86933
119 3830
52 20327
101 9807
73 1217
132 1543
33 37594
73 14964
32 11221
4 60167
19 26273
14 37279
146 604
34 24043
5 42986
22 44519
160 486
12 57236
143 6331
7 19803
72 7987
23 45389
16 63102
31 10603
25 33539
70 15138
207 1495
20 54446
9 43315
1 63302
22 7177
34 34889
281 1014
11 24031
11 21846
3 79568
166 1255
18 16306
2 27151
235 1422
98 8785
42 10957
52 3479
3 55119
175 5529
33 20337
7 3353
36 4528
16 31146
28 819
3 93584
5 78669
33 3214
8 81089
143 1272
27 13539
24 30610
49 14111
2 80230
38 15550
74 4690
13 21769
223 2103
11 32802
2 87995
92 3248
77 2330
18 57742
1 85940
145 5679
1 155789
248 2795
67 11724
94 8978
4 5738
39 33659
71 1013
5 109182
5 5224
74 1228
1 43819
216 931
274 1199
1 27331
4 69921
2 52282
170 5404
62 19400
5 14306
12 23007
17 12990
17 322
2 103528
36 3189
4 36204
42 28393
2 48682
55 13436
25 45193
27 7905
102 9024
63 5111
2 24678
78 12234
4 49105
134 3054
23 46543
225 2087
40 9451
7 53426
1 60559
181 689
17 43756
7 77824
174 2568
1 20126
178 4043
18 36189
110 9858
59 24152
50 15911
162 2553
77 17820
230 3175
3 80459
118 10537
62 224
3 95131
95 13301
162 4740
175 805
86 5956
11 51776
56 20265
26 43943
19 26696
105 10018
125 7000
88 7174
148 2780
72 12806
135 2282
63 20888
160 5236
42 8714
78 2040
49 4224
19 4072
33 30534
13 27758
35 20235
2 129306
126 1900
16 18703
29 10760
32 10829
233 458
343 1004
157 2739
210 3177
7 37004
139 1183
28 10608
128 5020
141 3520
21 1889
57 14390
113 2595
11 63106
2 67231
5 26902
319 1239
3 26427
41 30354
1 20174
2 45986
53 17990
2 32248
3 13459
29 33647
7 47407
65 7158
155 282
33 60
3 5502
157 5433
8 22677
136 4557
5 68168
10 37637
21 7815
3 96450
74 15276
11 74919
22 48141
7 19252
15 16223
63 5584
217 982
2 21226
62 6810
3 74425
2 89838
25 37656
59 9261
43 21445
82 14489
213 1730
81 14352
13 23672
62 11739
30 18632
9 26039
28 26131
13 2092
2 725
71 16344
35 5870
239 458
1 70931
26 41461
131 7173
199 4516
20 54225
34 25555
1 4038
9 15400
156 2973
85 14370
10 21252
55 23447
11 74027
8 3928
50 15078
195 4592
1 167314
1 29300
16 6027
123 1037
82 12530
67 16193
2 94938
18 49274
102 8737
15 51645
87 13947
156 5151
1 146766
18 8277
206 831
54 11625
27 439
95 12000
72 3654
21 27195
14 743
28 271
217 2297
61 12422
283 1984
4 84743
46 19493
156 2187
7 81506
23 13204
3 7446
73 11450
57 9791
50 3469
28 27771
41 6932
135 5721
2 137479
1 54046
8 34764
50 19451
31 25837
99 8090
74 7029
22 2619
81 712
13 1817
36 20998
19 41132
61 21731
5 28178
47 27617
39 30670
1 113396
8 58449
146 795
44 16022
41 28051
85 3128
16 61569
1 140521
25 33532
31 4270
6 44314
148 731
18 7401
23 13948
212 940
73 4624
29 8106
26 2790
1 22797
36 14767
247 2355
88 12210
209 3196
430 474
81 12391
70 1256
3 107552
12 11049
84 3883
4 105498
93 13103
39 5179
63 9773
29 36960
10 8205
132 8101
21 52450
60 17800
14 24121
8 25987
48 25526
105 12391
55 1275
85 13177
141 5948
4 119821
8 85677
42 3187
33 31109
1 111751
75 12029
118 9415
259 2626
14 41010
84 11442
1 97844
147 6527
13 1163
141 3964
68 19942
56 9109
52 10165
119 864
91 14217
4 58688
98 13299
7 47077
2 77896
1 108317
5 59990
59 2864
75 16389
23 3414
142 2449
103 6016
116 3023
49 20099
132 1106
168 1429
3 24852
137 6207
95 11680
89 8765
2 143957
8 54272
21 1027
13 55380
14 49032
2 89675
94 11919
27 1990
16 29490
310 811
11 32785
363 990
4 50941
65 17357
18 4146
31 2455
9 52434
6 39424
1 29827
59 15629
3 12264
3 26312
204 1683
128 5518
1 90742
4 59293
4 88113
30 37268
128 9215
36 27508
2 110441
193 4930
12 69621
2 55888
6 9694
11 4698
9 27069
63 15809
276 1105
49 7840
21 30671
1 40048
111 2278
1 44095
23 15021
14 20707
30 41126
1 72631
3 18839
6 6431
32 37101
47 21204
194 1181
224 1351
22 29680
15 29870
301 1385
32 24059
194 1459
6 61255
8 9583
21 28228
2 49240
48 24648
6 15845
39 26362
1 150459
135 8417
2 39799
33 21038
15 51174
1 170532
412 585
19 43040
67 5307
54 16119
3 20259
275 1325
18 4834
53 15176
235 2774
168 2313
14 36898
13 4294
104 11007
1 114134
72 5979
9 40401
18 38062
1 35193
2 16635
37 9125
1 59516
52 10895
1 142626
76 262
53 16969
75 7936
154 7276
21 47519
9 23575
151 5574
28 24550
24 44863
88 5793
13 59787
25 33644
8 52253
14 43842
9 58097
158 4722
258 1444
238 2338
198 3387
45 27722
10 50270
11 34609
9 38392
37 13481
139 1754
147 3701
36 29109
21 18112
6 1446
176 5703
5 31506
203 324
1 90142
37 18128
128 3387
79 10849
63 5480
18 59325
79 2731
41 25477
394 439
2 29913
6 4307
189 525
196 3563
9 29148
1 5263
3 131871
132 2775
26 43725
92 14337
28 43282
30 23317
82 237
83 15240
9 1253
18 39748
112 7832
277 1762
64 16955
60 14729
5 14366
211 561
15 12652
5 87642
5 50939
28 28503
9 42181
26 26595
22 4607
299 1007
5 46095
24 28473
29 23365
51 20860
20 54609
172 3921
61 1430
3 76768
12 70862
173 5013
166 1388
1 17002
10 59351
13 37078
1 101218
10 11460
335 854
30 10490
7 1934
36 12915
8 13428
129 8194
85 11941
2 13661
92 3103
18 47685
22 28437
159 2012
10 52158
28 2157
11 52978
270 1965
23 21363
32 20550
3 79802
11 54846
99 7747
35 8755
49 7934
47 8128
44 26723
75 14099
117 2380
155 3180
24 23867
19 43752
232 1826
63 10571
60 18134
2 73850
12 41967
108 11547
87 6570
106 11245
7 55528
1 151251
9 20539
22 48869
6 46556
3 64233
201 617
26 21001
2 53233
207 3383
200 3660
21 18886
28 22813
34 16579
11 71616
44 22177
175 269
62 15924
126 4142
119 204
109 6581
86 9123
14 51469
62 9152
1 72238
8 17647
188 4236
123 3344
15 26674
5 71574
5 80539
42 21136
24 26278
19 42553
41 25432
155 2441
5 24612
37 16211
1 2187
50 12630
16 31036
71 2388
66 14647
41 25395
80 5308
10 15337
1 171437
65 11492
76 13286
129 4097
30 22027
38 4527
3 129895
11 22675
6 18128
66 7889
1 87040
55 375
149 4745
261 1220
17 60363
38 26761
50 17721
41 1466
27 41931
33 18595
4 17486
58 15085
77 11791
25 1196
8 30188
56 15901
2 111752
102 10309
52 15457
12 25612
8 78154
115 8792
24 36419
1 92149
116 1984
285 1292
43 17149
203 1875
7 33813
7 78194
14 24079
5 58323
67 11629
80 15331
56 16871
9 25277
33 3255
121 5250
45 770
26 15243
76 6029
149 6975
77 7933
32 22534
48 9125
38 27240
14 47378
4 107029
214 1233
1 81115
80 1097
46 16376
3 23338
127 9146
54 12999
29 31559
51 17998
28 13496
81 155
4 107101
44 4767
40 16084
4 65004
17 14046
60 2417
1 121538
255 872
5 32132
8 15825
7 77375
60 3372
5 33258
35 34969
135 9017
11 16178
124 4054
19 56894
66 7752
32 5376
5 74795
27 19914
208 1312
171 5234
46 7763
19 23683
38 31927
3 69606
7 66395
38 10645
36 10435
150 1956
67 14173
91 155
4 21687
40 4040
235 3111
21 12318
138 3748
105 9947
268 1118
26 16250
12 32403
14 1397
2 51208
67 7201
59 22904
225 1031
2 121900
10 49530
2 8783
4 9961
210 3748
29 43081
101 7904
67 15264
39 12458
47 23609
30 22273
3 55707
26 17814
14 51463
344 539
128 5489
165 3027
13 5603
59 8076
144 5722
108 6445
1 23804
100 11674
1 78612
75 11755
40 2375
2 47215
25 18480
34 21715
47 22762
105 11752
30 13458
58 24158
2 11283
40 13147
4 31799
252 1892
52 20268
15 65196
65 19726
83 6120
4 87897
41 18269
36 4911
78 1427
14 16447
229 2093
195 2099
65 13143
368 475
62 6522
1 153754
196 2095
19 28199
117 515
170 1704
20 36798
11 42317
55 4979
4 42389
262 563
58 3072
96 470
107 11731
56 20602
35 8249
168 1892
5 89599
39 21128
123 10297
28 41529
126 4919
327 881
143 5039
46 19513
46 13534
120 8395
35 4002
1 72917
18 16999
187 512
46 4524
81 16174
199 4469
7 57891
196 4575
64 8750
20 39787
179 2583
39 3795
88 15546
10 57337
81 2095
7 36103
83 15265
6 2419
59 7868
345 539
68 7473
47 3154
121 10505
14 62552
34 4333
3 20359
3 26961
209 1568
2 34726
70 18609
57 515
26 46218
10 59135
1 83246
1 78677
1 84891
53 3391
87 8001
139 7686
55 15948
38 7600
31 11841
8 18780
105 10539
69 16420
159 2331
14 29290
226 1239
16 35620
3 85947
6 59824
4 90115
48 26104
25 37038
51 2281
6 57793
34 15733
30 20712
7 83746
27 11572
7 87046
13 8898
129 5089
54 15688
1 83729
39 4986
43 5427
1 104804
19 55556
5 53238
1 41268
39 6505
134 7690
20 53379
11 23722
9 45676
138 1293
113 6552
5 88898
3 132003
156 3043
7 44763
14 1631
18 46579
23 11210
41 8951
1 123164
126 4652
16 35324
116 1475
63 20138
72 18550
111 2740
132 1342
1 110875
233 1755
20 11976
13 21671
58 24293
1 92380
78 1047
31 26717
9 55330
27 33316
163 3240
42 14006
46 1333
10 42089
12 35747
141 2842
163 4399
1 138601
4 54758
32 5248
48 22196
17 51587
31 17440
132 1738
4 24368
9 77488
165 6127
7 73507
41 31512
208 3712
109 8543
45 15383
7 57596
41 25673
28 12460
5 78626
1 151164
4 107475
85 5474
346 1089
91 11770
158 522
19 25306
113 1347
32 10112
53 26563
67 3002
43 29109
12 58765
253 2592
10 31851
1 123947
90 11585
89 5208
84 12004
20 52120
9 53369
55 440
6 42258
105 453
4 83374
37 2937
22 47201
12 44704
47 24398
16 2691
16 32883
139 7801
32 40400
67 4812
24 2157
99 8389
2 25820
4 102364
42 30334
137 6606
81 10016
131 2569
4 63214
1 38257
67 8725
13 70455
113 2761
15 32309
24 5685
91 5633
5 94222
12 19167
47 3385
11 22351
51 12613
46 27208
210 3702
38 8131
171 5794
61 13795
45 23954
32 5882
218 282
42 4828
58 10785
88 3513
18 51475
110 2363
2 115618
26 4494
12 12623
18 24381
117 9201
181 5466
189 378
13 26081
136 8515
59 8315
36 29477
309 1638
5 35796
22 52508
278 2015
11 56620
1 76378
92 12194
113 11300
156 2697
23 26995
42 28427
19 30622
73 1425
39 29733
5 43083
110 11267
46 5112
439 535
1 96267
73 1004
3 43087
15 29282
27 4005
299 1681
9 67221
57 17152
29 39088
10 49827
32 36764
5 2586
44 13590
121 7313
23 1266
33 25341
175 1503
243 1758
207 1486
38 18065
43 21220
1 90309
1 91719
121 4036
2 59892
19 33907
17 44022
5 98261
40 21533
61 7984
17 60541
9 72772
6 41582
22 51225
39 2775
8 57398
17 22999
23 19255
82 607
12 64444
10 60457
128 3536
14 64254
15 62258
4 27862
183 5172
194 1223
3 21771
121 1991
1 110146
309 452
27 25255
61 15737
11 55366
63 21745
6 83829
27 3021
239 698
58 104
17 58894
117 9571
50 26312
7 41229
77 17068
62 13146
186 1539
90 10617
2 84197
71 16071
42 14578
100 10379
2 66954
14 56541
79 8993
163 1568
50 11379
36 30153
179 3481
75 4467
51 15505
1 26208
60 5106
224 1011
3 129088
5 103358
48 2576
5 99843
221 2575
51 22293
1 139764
39 31013
5 67756
72 16176
76 5446
46 7530
46 16682
174 3041
60 23620
63 7789
175 1577
32 11741
6 32912
1 8420
46 30021
206 4244
73 15502
52 20762
52 15030
152 6002
1 97254
31 11510
66 2963
102 3303
16 20049
29 40790
11 39775
21 5710
75 7857
140 1403
118 9376
25 48744
160 3712
146 2509
8 24383
17 42834
43 13994
1 140503
4 68018
246 709
76 7339
24 41630
41 17621
7 78873
218 2952
36 21135
14 16925
8 41223
112 10641
91 14994
24 41260
22 23327
84 12718
43 452
46 22664
3 79190
75 13098
1 71994
33 33151
201 1507
4 28916
19 3358
8 26817
142 5924
139 4839
40 14499
21 38324
66 11893
24 28771
5 84602
131 7544
100 415
111 7141
247 1239
7 47959
3 28052
97 12075
31 1690
84 13390
93 3105
5 104412
73 17254
150 5215
52 10408
1 39967
4 33346
20 6452
96 11796
234 2534
61 16905
9 56242
83 3537
115 3657
420 671
4 26931
6 65536
6 11696
26 27985
14 21731
23 17417
2 62172
29 5102
14 1143
4 96462
6 79653
145 739
4 80729
2 76676
50 25030
206 487
14 59479
24 16669
224 2448
66 19366
59 19813
46 2150
9 36261
118 7648
30 17192
86 5449
46 30066
42 9402
12 21402
1 100273
4 94458
21 32414
21 207
215 2377
37 34940
70 8144
5 27321
3 75650
93 9769
192 3715
231 2456
87 8140
5 3782
81 9334
396 680
2 119502
30 18162
18 9002
24 24778
26 19043
54 5517
11 53115
86 11414
258 2125
65 19320
1 161941
6 54799
8 6557
17 23496
7 81965
30 28909
55 10722
7 34025
32 16559
4 103042
1 169860
35 13969
17 26341
41 11224
1 100212
71 343
37 15358
1 25464
53 19692
4 26447
36 31977
78 13806
21 32224
2 21498
93 2243
5 51258
9 61676
45 1106
11 72066
75 13670
7 90798
2 13983
75 2456
8 15717
2 105520
169 3555
151 6949
27 3548
8 24170
65 13129
52 9124
33 14124
6 75203
186 3738
14 6035
114 11119
111 950
59 13632
23 29669
24 42621
153 3410
351 442
34 28438
12 47330
330 1035
10 64848
44 22374
200 858
92 3145
60 18742
19 19454
64 3015
76 17234
83 6800
11 51738
287 472
10 1811
24 4874
69 15559
31 11727
12 47422
69 5603
134 8164
92 7529
1 126006
1 122063
1 58742
8 1002
65 2718
78 14816
39 10546
19 3997
84 14295
54 11020
24 17081
95 8382
3 113194
32 24221
37 24054
69 5182
37 23678
143 3754
22 25783
55 13268
16 28912
37 20542
156 933
3 76988
367 477
43 2459
4 21994
183 5335
117 7577
11 27051
22 24058
135 4300
13 41752
2 36113
4 99644
4 121720
11 5272
283 785
7 53884
121 216
51 721
19 14429
208 793
80 6038
104 7926
30 12379
3 28416
53 7819
5 55654
107 8297
24 43983
1 50845
19 171
57 2447
239 514
9 7926
71 1261
246 1543
48 29065
161 6568
14 47033
11 19007
1 39821
1 1593
14 17150
3 665
18 58301
39 1648
52 8978
45 25342
30 31130
10 73348
60 5648
2 1441
2 118995
8 25836
12 33234
21 53514
94 13139
46 8294
165 4395
152 2887
10 50132
239 2634
48 27762
3 18747
7 20477
135 4369
1 75479
2 92742
85 11733
135 2269
152 4288
220 1620
61 20648
226 247
29 8983
15 35479
129 477
2 69595
35 7133
103 9060
4 111883
110 6724
1 61664
154 6326
83 4964
361 785
173 5609
85 4040
12 7001
141 8386
42 25791
82 15872
69 17689
13 40750
187 2131
11 9289
32 30152
4 33526
36 28292
96 523
102 8343
81 12636
57 19335
20 370
11 13191
67 16736
247 1757
2 28496
75 11355
4 101736
30 22561
136 4460
58 23936
1 18193
68 6120
38 5288
38 18267
76 12489
21 43620
18 580
78 15258
33 26961
358 751
1 12398
8 42756
17 25024
22 39111
6 78141
109 10991
127 5467
3 39045
49 14484
5 105542
225 2033
16 25409
28 17661
272 1121
151 5675
79 9391
127 5617
227 2061
10 44346
199 3537
2 71396
13 49753
19 54098
31 41325
29 14415
237 3122
118 3336
17 14877
100 11500
11 7216
38 19484
23 49800
288 1394
11 3860
103 10058
6 11159
63 12411
36 7452
2 91289
89 5800
17 9576
33 6768
43 2119
3 48191
2 58724
18 22503
42 7228
14 10461
28 29422
72 13879
78 10112
2 16827
23 29351
139 7165
117 1287
9 55729
1 72030
15 9876
44 25571
14 37323
1 147341
26 3201
65 10434
24 47851
19 17193
20 30284
4 96192
18 14888
7 58245
105 2404
152 347
16 49779
117 4198
18 16120
21 46211
13 68623
11 70195
36 27766
60 9477
17 39633
232 3340
89 1831
41 30925
8 75474
4 83982
1 59257
293 1334
18 43617
160 175
104 12187
126 9025
219 437
1 18100
87 2822
52 1392
13 12989
233 1944
1 35790
13 54154
261 1886
21 16196
288 375
71 13024
17 60743
12 21842
44 27593
2 93520
5 88886
12 40454
229 3404
2 37278
69 13235
4 121811
34 5442
100 3258
4 5650
51 14206
1 40623
5 70392
135 1957
29 30193
10 58600
14 93
18 6324
25 18239
18 21213
26 8211
25 35492
32 14094
234 1681
39 21214
74 8321
26 44808
64 15920
107 2145
2 63439
370 818
25 5017
233 2670
64 17229
93 3728
7 4596
22 29458
30 19979
13 53762
117 8544
5 55772
17 33888
6 58043
12 50795
114 5074
44 24799
75 17909
8 26286
78 1473
41 13177
127 4606
5 95939
120 10081
83 2803
4 11266
74 5908
56 7850
37 20759
5 61886
3 92143
41 22454
62 9670
15 38160
3 88147
4 78128
183 3301
135 3483
50 8979
93 10019
11 54400
217 340
7 7545
74 13882
8 35456
1 45111
2 28854
56 9491
36 26004
212 2211
89 6103
7 5011
1 73937
69 18717
82 14124
48 3292
24 45991
29 23728
9 21683
251 1077
30 1308
4 90791
87 771
3 90380
56 182
19 29540
223 615
49 14301
71 2878
122 9637
116 5491
59 5394
9 46225
10 55268
25 41342
100 2433
122 479
28 13072
10 44123
9 4033
56 311
24 38720
1 107163
1 162707
52 21607
7 67421
26 13616
165 2098
6 36167
25 22640
150 4314
14 51121
311 1388
24 35257
177 2210
7 31242
1 137639
192 2990
26 9726
9 71513
25 9633
17 57294
4 90632
5 6409
22 44980
126 762
1 149335
108 9361
58 13683
183 2248
101 692
72 9777
21 54170
29 32216
207 400
58 3715
2 98107
2 97427
176 5896
82 8082
47 22442
86 10885
151 5939
160 1976
49 1781
33 20881
30 17718
216 401
67 15075
5 85714
164 6138
7 78856
14 44491
1 20985
95 7231
7 46634
115 4964
25 6348
12 53210
15 44188
34 5743
83 16577
35 6786
18 1366
127 5620
153 264
5 69495
76 7798
2 115682
1 154188
1 59276
150 2641
1 163391
130 4018
180 270
12 28411
71 7892
51 4818
189 390
11 55699
18 43394
11 62870
132 1402
224 3019
10 44095
171 5114
279 1009
2 131379
14 48264
6 45382
318 554
85 2955
14 25139
18 37382
18 40115
1 9691
89 9710
13 21930
89 8781
5 44219
160 2779
252 1268
45 23464
175 3496
2 133477
27 43206
56 20548
36 26089
77 4675
15 13616
18 1477
27 33111
7 61640
40 22335
148 7586
24 26940
85 1547
3 34861
36 11645
62 21823
25 26320
187 3160
35 33548
279 589
401 733
33 22084
2 125933
143 6801
42 12623
5 51282
286 1504
122 3741
1 84735
45 8003
2 114622
22 33201
26 27123
67 15636
4 37704
36 25239
118 905
5 92110
2 100506
43 16037
5 28873
18 8960
41 16162
18 32548
76 11696
23 2599
28 20514
280 1914
39 13732
292 644
86 12335
54 12010
1 117516
31 35397
23 46164
42 31874
5 78486
7 32978
8 22418
106 7312
2 75077
31 36297
73 470
90 13148
347 1044
21 36565
57 608
401 421
3 47168
265 857
59 19647
83 15868
19 28942
67 4064
85 1206
1 155953
19 46256
23 10587
27 33131
56 10201
60 4739
222 1382
6 21711
6 53438
2 101993
1 115301
88 7253
18 13543
7 84806
50 16074
11 2683
138 6046
2 64303
1 170919
102 186
133 6233
12 41252
1 18116
227 928
115 7347
31 38518
1 98049
6 68556
42 20284
115 8985
9 41216
33 31682
3 23549
307 637
34 37669
16 16861
58 15419
24 7730
4 111205
338 1161
7 25734
7 85920
69 14579
2 32298
227 2442
8 7432
38 35429
36 5933
16 17341
315 809
46 25904
7 17050
150 5503
138 487
12 59751
70 17575
173 5583
48 13152
394 415
1 49113
18 14865
107 7590
14 55058
3 18952
11 62025
1 93419
1 55258
24 22185
127 8478
4 1430
161 3182
64 6464
88 6602
43 1415
21 492
83 1889
128 6483
1 35788
4 10183
76 17636
135 7628
71 3489
151 5617
104 2087
1 147548
88 3613
10 72055
32 352
46 361
7 7197
314 328
8 77600
16 24884
197 3745
68 6518
10 10016
24 41814
3 46656
12 18110
79 9615
16 44399
56 8193
53 17376
294 1938
50 11880
105 471
9 77801
8 27914
6 61742
47 1984
8 29060
66 6508
220 3282
5 101105
200 3120
174 1224
20 35553
137 1432
192 3161
12 56295
1 170334
88 15130
40 26412
36 21181
22 11670
12 52244
1 160753
6 25955
95 6474
48 6205
6 79431
24 4688
16 24852
131 1893
41 5571
91 4038
2 140731
12 68202
38 25414
3 115094
202 2302
14 10427
169 2685
227 2925
1 32884
70 6273
101 10619
3 102979
56 12635
38 10608
27 34105
29 18968
3 61045
3 53817
1 40768
50 26350
3 103998
84 2899
49 23603
40 29070
40 7389
64 12544
67 15601
7 80203
19 20617
114 2200
13 61553
17 33164
223 433
58 20196
30 6180
33 1504
50 16744
22 42756
161 5384
229 3464
76 8010
69 13922
56 13421
32 28013
163 4266
112 10941
47 22141
19 254
149 5004
26 21202
6 70343
22 18611
39 32750
9 64542
49 8217
31 4917
78 3117
21 52470
16 28451
20 5045
106 1783
56 6936
33 1024
2 11336
1 151307
103 6120
64 16286
19 38297
103 10720
14 11631
267 2037
131 510
1 49578
8 46742
154 1156
58 20238
6 92479
3 122475
5 44356
219 2929
44 19678
1 106975
101 13276
179 984
91 9562
13 43305
371 959
114 585
126 3840
19 48079
9 74570
2 5317
126 3864
9 26217
3 80931
20 20383
21 31475
1 2510
16 34850
184 1265
61 4492
65 157
42 6445
37 1352
4 64235
75 1317
313 655
3 103900
60 23268
247 1791
172 4048
53 6531
46 9315
9 37103
206 2728
50 7698
75 16136
19 1492
66 4810
90 15064
72 17173
69 17560
176 4353
58 8711
79 7053
40 16680
26 32556
89 6332
73 16996
69 14369
3 7725
2 126836
190 3699
371 531
9 22401
2 63613
120 970
3 4886
26 44354
25 36167
9 27322
26 44963
87 148
73 7361
44 30871
1 52520
45 10364
8 974
1 31994
187 3823
200 3301
5 90067
137 349
6 97425
38 29436
6 6019
53 19091
198 3324
11 18522
73 14585
66 20200
8 81334
5 27685
31 11984
1 70930
9 4056
405 658
74 8451
58 22708
24 28683
211 3711
15 3235
50 19697
77 4329
6 46787
60 11316
247 250
59 8627
24 30492
53 16480
1 140193
14 12534
73 7142
95 8817
123 1590
57 23481
113 8550
87 13542
1 86772
106 5912
3 2039
80 14518
17 61385
40 3055
259 352
246 480
15 40704
3 44231
2 84087
194 574
22 53257
94 3840
52 19324
3 51644
23 51450
65 9852
9 1591
99 5170
7 41325
40 11799
3 110850
24 8995
66 11087
42 13863
1 43946
17 8027
267 510
68 15404
45 11570
177 4600
23 2298
210 3690
5 27000
1 134627
136 6320
148 2836
187 1166
27 32045
205 3801
31 11009
154 3299
149 697
254 501
76 13948
230 2616
164 397
55 17430
36 12328
15 22895
182 410
3 67105
17 18080
76 18065
5 77956
7 90160
40 27500
4 112703
14 43690
228 640
151 6636
98 7190
3 11825
47 14969
50 2395
96 4082
257 2189
69 2667
2 48517
6 80248
80 901
6 96084
163 888
44 2471
343 630
5 54744
1 14357
7 71476
98 1445
30 10412
21 4247
1 168879
47 27579
24 48600
305 711
2 56279
17 25983
163 2264
48 8713
39 1966
31 29953
31 22789
114 10014
39 14311
31 32273
14 46708
66 8615
237 1002
162 6595
1 154024
25 3209
22 14510
43 21895
63 7164
45 19021
100 8337
55 20739
76 14081
159 2838
2 60859
3 115395
112 10495
49 17562
95 13417
28 1149
1 124531
394 745
43 30454
43 11029
16 57476
294 941
123 2134
24 12492
1 35240
13 60902
1 167732
5 12332
2 50284
18 30029
14 672
157 1328
55 6013
81 1219
3 44051
36 15594
1 152083
45 30456
69 6341
72 13222
20 42168
38 29850
29 22854
25 1179
27 14822
3 115555
50 14286
127 8681
216 1673
85 4947
27 28319
35 28828
34 13727
24 9385
67 5921
185 423
5 108251
241 2375
2 63766
1 1746
8 46048
14 16998
41 4913
2 49217
97 8053
29 15471
71 8993
4 48962
1 127450
60 16246
1 62139
9 59504
13 43413
80 5992
50 22775
121 1777
58 15551
83 7369
25 30000
191 2586
18 9992
52 24050
14 51700
8 26218
134 4780
38 8986
6 37991
15 1069
31 13780
51 7169
72 8325
286 1355
52 24257
47 29668
84 1080
29 8704
104 2186
8 49896
15 37933
6 66235
123 8582
4 89771
5 65453
320 467
180 1666
61 11851
64 15291
54 21536
40 8303
13 25642
11 293
12 68331
5 19437
4 57697
57 11545
289 822
1 43319
15 31678
56 209
191 4424
46 9863
1 34692
1 12932
103 11046
14 14440
45 20567
10 42505
44 31477
1 74988
48 12793
35 15980
3 97320
16 41411
21 47599
135 8264
49 11840
116 2388
47 19273
13 1179
3 132061
13 63826
19 6045
46 26660
34 35910
54 15122
16 31006
56 7317
1 61992
12 26544
30 2726
102 322
159 6118
5 77519
45 1189
78 9606
83 938
45 16700
80 1332
88 7626
200 3931
29 29555
7 49044
111 5127
51 4618
191 2851
2 69737
99 7053
6 7735
21 52212
230 1839
39 1933
2 31847
174 1936
68 18998
112 5629
8 56558
66 11462
1 84158
6 63581
13 57777
1 118411
85 4739
46 25314
4 53607
305 911
31 4673
48 4193
164 4979
26 9878
54 4671
21 51183
88 2624
4 5712
73 2264
47 5630
15 59904
51 20276
1 137605
18 55962
27 21077
17 49274
41 32100
199 4152
63 11167
27 28335
53 4380
49 19039
15 10044
17 23002
29 1979
72 7507
7 34325
5 68566
5 97999
107 5767
46 25595
144 7456
128 461
1 21664
11 1023
4 11366
15 14253
163 2351
172 4067
66 17653
60 17576
4 57498
24 7419
55 9899
29 11219
9 44740
139 7281
48 12086
6 52026
36 19386
17 49326
179 566
3 99190
240 2048
277 1527
9 21645
167 2984
30 39830
22 15092
6 8816
23 3238
57 14915
30 17852
132 3812
5 30366
3 105762
294 1914
19 22627
171 5563
37 4625
15 25092
86 10319
1 79006
23 13193
38 836
44 631
53 7120
23 28184
25 23438
3 43027
164 825
1 46044
6 67578
29 29861
130 5672
75 15848
214 2817
46 6583
16 19532
179 5030
88 12544
10 15884
8 28380
97 4596
114 2164
127 7044
11 59638
23 49671
83 3013
54 17997
33 27853
12 67846
15 38996
27 27701
1 59832
44 24506
150 1649
64 215
73 15113
22 44860
32 24511
112 11454
11 66792
11 18656
153 4072
217 3756
233 301
64 183
51 12261
142 4707
5 5346
18 57645
6 84726
221 1322
1 35952
305 1734
33 32977
57 13777
86 7695
25 34051
11 12250
117 4809
5 15169
8 59372
74 10274
9 24297
16 41799
9 12722
35 22359
46 30211
53 19393
14 34186
44 18832
28 6791
8 18661
1 131419
6 45043
44 5492
12 27561
20 9472
68 2523
142 1267
42 19554
6 29908
58 3532
13 22494
86 554
29 41380
29 30187
12 52879
11 42823
3 65965
43 6501
73 13609
154 2099
18 23028
8 13186
27 658
276 2075
25 29134
6 23649
197 444
9 49323
1 99790
13 52726
32 10603
55 12492
299 568
83 12575
35 16210
148 315
12 34115
7 47439
355 1108
80 8245
36 19511
2 58034
2 93242
3 44467
27 27864
7 60662
10 11454
18 34830
110 7529
6 52578
195 2910
2 11118
56 24438
64 18358
186 2532
35 17549
18 7566
75 15455
15 20093
54 16050
380 476
23 51411
17 26435
9 59903
76 11941
120 667
73 16499
21 13350
55 6453
107 7948
37 2688
69 15361
192 4181
81 12291
135 6943
2 79651
78 1271
100 1455
83 5529
72 10363
28 22639
11 61642
102 7652
21 54813
11 61344
7 76642
38 28173
112 1533
186 1743
30 42911
239 1860
391 859
9 56163
5 103949
14 19289
19 57428
56 9442
19 4845
25 27031
6 88353
31 26677
67 4993
79 15842
67 5434
243 1047
73 7457
2 128948
113 7052
60 9157
2 55709
18 41556
104 7877
46 3699
17 44351
18 1860
17 55953
2 31951
10 42089
242 2142
123 1075
13 62282
69 3091
2 41930
5 53944
8 28955
2 72211
212 473
302 831
3 6339
69 5404
1 108946
5 22868
97 6788
19 37774
53 7740
12 60052
56 19785
11 39784
39 7035
9 65995
44 28657
38 30551
36 26085
29 14761
102 9378
67 9235
270 445
22 43353
1 22417
20 50592
19 9207
36 31471
175 3162
43 23391
21 16551
35 25691
75 12647
11 51985
32 15300
40 1054
42 3483
95 10570
34 20411
12 15043
47 19408
133 3396
2 121457
33 17918
1 110262
5 107319
80 1165
2 278
162 5365
146 5635
24 35903
11 42138
14 23773
6 52728
4 27204
224 2910
2 24033
22 32795
9 3281
5 107770
127 5280
7 396
92 1256
19 46945
1 120988
3 76276
46 15684
6 25018
263 1285
42 27897
6 45960
23 1034
6 69898
2 24337
87 11716
235 2458
47 17998
45 29786
1 30402
1 167562
1 171868
24 18649
37 9320
128 5476
363 373
9 10556
58 10264
96 11104
17 33949
4 41149
14 2589
18 1701
134 4703
32 5660
24 29379
4 90208
203 1467
109 4978
200 4226
46 21691
20 24211
78 3800
1 26020
10 48685
396 595
32 14860
60 14724
6 58772
136 4253
3 26589
11 4019
26 24539
101 11988
6 55084
15 27088
33 2104
89 8753
70 8569
21 6658
25 29516
21 24088
50 8218
7 38551
248 2322
33 4726
71 18156
1 42995
7 30032
23 47435
9 30078
46 9767
3 96288
75 18177
35 14014
171 920
216 3794
14 52552
47 27092
41 22767
237 1791
24 48531
11 65450
5 102390
54 15161
24 35710
1 133433
240 2301
3 67626
2 90365
1 140560
2 74742
164 2932
22 35471
3 46214
285 2096
42 21184
99 1566
23 42193
36 15276
123 1117
174 4522
230 1995
29 40326
144 1246
22 30384
149 4644
115 7067
21 24928
47 10327
13 18639
76 16842
123 2579
13 47611
4 69722
79 2933
39 32744
38 10693
76 11411
21 5468
64 8517
24 4700
79 8296
28 1796
93 5975
2 79014
54 25849
30 12093
232 390
7 36043
169 4026
79 158
14 63339
16 31507
6 87217
21 49285
11 6483
48 24599
18 13876
244 3055
122 6288
2 344
265 2553
15 1936
95 453
142 3893
43 15074
45 29570
100 257
2 95900
16 52432
147 1237
13 57961
369 1021
259 2707
144 4165
20 16762
282 1587
18 17747
92 3896
147 7303
2 136399
97 10291
10 76122
1 30758
2 76980
63 21172
5 86929
73 9326
38 27712
165 2969
117 8199
3 114398
408 540
5 956
5 4548
1 170097
73 9186
10 36960
7 31989
12 21936
60 20321
222 3707
78 17370
4 58656
34 4953
19 2567
13 20251
11 25676
163 2831
15 10360
62 11638
90 13354
13 68635
15 51490
26 39137
117 10174
27 32976
98 2626
11 69788
31 11202
55 19011
2 118286
59 12629
5 26842
30 39125
72 13681
10 21583
43 1836
5 65071
235 977
5 98322
38 5474
128 8865
164 3525
2 67588
234 1388
121 1606
19 50448
41 25471
100 10639
51 3437
93 5573
6 34929
64 3846
130 8466
82 7085
291 785
18 5959
2 79847
2 71159
18 1986
76 10809
6 93234
269 1046
28 3498
135 713
22 20747
94 12044
9 71926
46 11431
48 28527
5 101795
6 92928
9 44602
6 59649
45 6428
150 5593
9 70501
5 96886
144 6983
85 10742
347 858
20 28721
13 70289
13 65327
5 79984
50 9186
11 28025
92 7734
5 56124
30 7945
31 26234
156 5623
36 6942
38 35204
78 11222
44 31159
268 906
11 73650
116 11129
66 901
36 22876
21 14960
44 23565
46 18754
8 17847
1 44245
2 95759
89 13336
3 10349
42 1886
41 30560
21 50001
13 57251
37 27035
70 15562
15 35273
146 6260
47 26230
37 30281
229 2360
69 17055
8 32510
140 5728
48 1569
8 45528
53 13663
10 54502
61 13637
34 16131
68 10112
29 16118
17 39333
57 11703
124 5609
13 46378
39 16784
100 7581
30 31584
47 8552
66 7126
83 14553
8 56367
205 2724
227 1426
133 7174
49 12996
123 6101
8 78428
208 3464
98 9824
44 3148
42 56
9 81567
38 13249
175 705
3 32738
1 64176
3 8489
9 7530
321 562
36 22820
37 27622
72 16180
100 13260
3 85263
65 15387
49 2639
25 15474
2 139788
4 80509
47 23230
42 22117
1 6312
80 15349
11 48568
1 103271
46 7669
30 20091
139 3056
65 7767
2 20115
70 13154
315 1369
281 2208
11 23149
13 6173
37 4955
62 1781
173 571
7 25148
7 16948
104 2293
19 34865
81 13783
119 862
26 20825
78 1789
3 92233
87 7507
157 5060
45 10496
2 35503
57 7492
35 6278
13 12542
34 22465
13 30622
123 2723
38 35341
440 510
66 20506
20 899
114 1934
93 8994
72 605
2 57425
67 7367
6 30671
14 7862
21 23894
69 7620
149 2318
20 38659
10 25545
30 28353
23 25665
221 645
26 46384
65 14277
2 65659
107 11415
18 17120
46 6018
11 49835
36 28000
46 22236
114 5212
20 2388
10 48836
83 12001
10 16905
28 8262
32 39651
134 766
16 12926
3 35048
101 5044
103 12587
49 8260
1 157621
28 36623
26 37187
3 47016
100 4217
13 23498
24 28087
48 10617
83 3238
33 11799
7 24525
36 15084
1 115033
9 17919
61 4837
5 81192
138 4179
9 75478
7 39051
1 88216
43 10826
8 81582
87 10504
61 21835
35 4387
8 30058
6 58588
11 61332
137 3291
12 15087
99 4604
148 2948
36 13605
90 746
77 14148
174 4054
14 52734
41 19353
3 10291
16 7212
16 38938
11 4719
3 88165
74 12097
11 67
51 14255
37 11168
46 28171
25 46795
18 5238
131 2653
53 22774
13 8796
194 3615
23 3124
16 534
19 29437
3 102279
205 2821
168 5170
385 803
75 7823
71 9760
139 7493
104 6462
4 81167
12 66906
9 11693
2 76786
10 6500
8 36091
20 13193
31 4007
1 166126
22 17893
26 27077
25 10529
295 520
1 82785
61 9791
9 77743
245 1809
55 21445
61 21560
5 9511
78 17058
371 871
56 7219
1 135162
3 64970
63 13827
56 15135
9 17426
223 1702
2 42532
112 9484
17 18153
15 38374
12 53410
117 2112
138 4832
43 3123
18 46616
22 3429
8 50086
17 17812
121 2387
161 988
16 20156
14 41018
189 3063
1 5870
1 32423
123 4898
5 3842
3 79902
78 10939
115 1159
35 1422
19 36714
29 23398
38 30078
77 11277
82 11062
122 729
101 1776
124 8404
18 40736
27 34480
75 375
126 9893
1 52794
44 5285
201 1721
36 27276
167 1690
29 13076
92 3404
14 13762
67 9618
8 53412
187 997
1 164490
182 4486
7 47878
11 72401
32 18961
175 5775
11 4547
18 50457
25 3229
13 19547
166 2416
25 5573
52 18866
5 26520
18 58498
105 7905
256 2479
30 38194
1 5249
10 42825
8 29274
3 41082
44 21254
3 13304
28 10932
16 15279
3 119702
11 24108
12 53847
11 61487
51 4228
7 1918
186 248
69 14703
35 9354
44 6887
15 16730
6 69545
91 100
27 16376
1 25839
13 35506
64 1733
15 49112
108 3170
241 2850
233 1852
57 4506
19 24615
61 11459
131 4421
19 41114
133 7418
5 57003
239 1396
43 3305
13 38552
259 722
13 15023
25 43482
49 3017
40 28827
45 14622
20 3237
125 4025
46 22408
3 107598
51 2250
32 1047
77 110
19 51258
4 83837
2 49928
57 11558
7 45344
9 19407
16 8916
31 22099
257 951
48 28984
4 83466
3 500
16 21025
4 43550
1 51571
50 21104
28 37444
137 2133
20 7495
176 5444
69 3900
45 21259
27 41842
14 23872
3 83839
8 45406
160 5270
5 64677
426 597
5 83472
40 16852
32 10691
13 51437
4 46998
2 30247
1 31524
74 13755
14 46566
42 28766
85 4153
285 781
26 43993
37 25412
248 367
1 77798
5 46304
100 13122
68 12072
10 60685
21 3467
42 10844
124 6805
83 9184
44 2765
1 147372
12 71765
105 6740
144 3055
51 23387
10 35170
6 92664
95 5793
123 9325
13 64612
20 23923
121 4172
11 49847
1 108315
10 10677
30 36597
2 34731
146 7716
49 13352
80 4880
58 8381
5 109331
58 11757
58 13769
4 6024
116 6940
26 26006
14 34907
39 14042
87 1391
210 3959
31 6364
22 17050
7 60424
4 3935
7 15793
15 4769
1 117873
179 816
1 110190
144 6374
70 7234
99 294
2 104087
8 47204
90 13680
32 18221
7 16499
76 16174
25 35473
107 8702
39 14531
21 35533
70 17802
238 1399
60 14672
223 2774
117 1291
77 16085
29 22637
12 40143
94 13358
26 12714
227 2744
7 45770
183 3825
90 14155
27 22640
37 3564
112 1405
110 4664
106 6965
354 777
228 3007
29 16023
19 26563
334 1110
65 8984
123 3126
261 1491
114 2866
25 40999
90 1684
277 2050
5 32852
74 2633
277 1360
74 17709
25 36033
29 33531
66 1090
184 3656
171 5317
158 6976
7 40035
77 1556
41 385
119 7972
22 37017
52 1134
2 52794
228 771
129 4975
56 19358
39 28745
36 8058
3 8452
72 277
11 9569
2 82919
65 530
4 103312
45 23648
100 10769
47 18758
235 662
53 13018
62 10118
33 33764
42 8426
7 59275
12 12233
311 794
22 11441
56 5679
8 67379
405 700
70 17061
143 4760
44 58
147 3685
102 9720
116 10367
143 7603
17 18496
43 1366
13 50090
115 5395
104 10628
34 19502
40 10751
94 2958
4 47899
6 6797
39 26259
84 5771
14 43971
23 37486
227 537
63 18630
164 6193
60 8162
42 12311
1 84075
19 53393
7 24457
7 30251
47 1563
20 16301
7 3052
6 84835
7 82336
32 14000
1 154359
25 15786
14 23462
89 4689
241 1742
193 4436
1 140595
284 981
3 59750
3 68789
5 27629
50 16104
120 6653
39 2770
5 7816
27 24501
37 11308
1 115956
31 36221
59 5175
45 10271
279 507
5 21613
15 2047
146 4374
61 6676
15 20553
94 9488
46 29381
20 46172
97 5554
59 12316
29 4056
67 8065
23 44875
83 3525
38 16067
6 83992
94 511
4 85497
34 11794
41 13770
38 5203
139 5376
7 32900
26 41140
20 20935
131 6116
1 146784
17 21448
176 5537
5 82548
44 16180
13 67600
203 2992
47 15872
214 1368
3 19140
61 1412
57 1169
126 5972
77 13456
31 24157
6 5394
41 24191
28 28824
6 50875
4 118511
3 58811
26 23999
16 7056
252 603
64 21378
81 12752
17 46422
25 10787
106 6853
125 3986
58 5144
4 115183
38 31894
179 2652
134 1638
5 38528
15 37331
1 84409
3 72625
25 7896
32 16932
7 30657
35 3149
1 81627
4 38474
13 43906
172 5091
394 464
1 154853
38 27646
58 24327
91 12982
16 14395
151 1801
16 14664
4 25417
103 5309
299 1783
96 2685
22 52583
12 20434
45 10766
29 42783
6 38060
6 45501
34 34050
43 21460
18 31034
105 3147
47 26919
86 14350
5 103190
62 16915
96 4038
54 6295
3 117864
12 46150
418 668
8 1939
70 12150
66 464
3 7544
33 25045
15 32469
34 31059
32 28564
3 6355
98 12632
124 3104
97 3574
8 66736
144 210
24 35653
15 31490
225 1735
18 27095
1 26550
13 37362
3 40402
12 52419
120 1597
6 49327
6 79757
16 26492
167 2733
163 3857
21 12668
168 2655
85 1050
9 5926
34 20919
4 11756
15 40160
146 5156
28 43081
180 4520
134 1298
143 5624
8 79751
24 31664
12 63899
7 7984
1 116544
16 35645
5 3888
60 15386
158 2410
153 4135
87 10112
31 36822
16 40588
179 1700
16 4933
86 11378
254 1580
181 1519
27 43970
21 23371
16 6799
2 74476
7 28438
167 4129
18 34271
39 35234
34 10429
82 8006
209 2307
183 2988
180 2732
70 6379
21 50433
42 8920
68 7990
57 15017
41 11332
5 82072
31 15765
6 6290
145 3061
70 16634
11 60185
65 14468
157 975
28 38937
88 9876
207 1676
55 6628
14 50067
135 4879
186 3837
65 11279
10 26823
71 6497
15 26644
31 22618
1 60311
15 51886
2 8768
21 20551
2 74710
19 1648
49 25846
77 4000
1 2866
17 33400
58 1021
27 40380
1 40759
256 2724
32 14284
7 71488
1 139947
91 1463
41 19974
30 7445
21 19401
43 1221
41 21504
3 107981
2 144121
300 1723
71 1798
115 2745
5 19758
5 19565
28 36153
13 32081
1 121552
91 7492
88 14025
12 10012
28 29218
147 488
1 159149
14 20857
429 502
25 9015
68 20111
227 1332
1 30793
109 5968
4 111308
83 15023
79 10584
91 13236
16 62903
165 3028
147 5740
48 12984
107 11472
97 12774
79 4036
41 19074
2 126928
59 20673
4 95439
65 9752
331 354
99 10344
199 1401
8 29009
419 623
35 13044
59 15039
5 26773
226 1798
9 405
19 22109
109 6594
38 17652
21 1334
5 23027
25 41759
105 7345
274 1015
10 29967
1 47220
28 39934
61 18991
59 17406
115 10383
30 13993
2 79097
31 36716
35 28636
85 6705
174 2946
104 12084
61 17390
54 8453
68 13981
13 1169
359 657
43 18501
429 500
46 16883
142 4515
23 4852
198 3879
5 6229
158 2251
36 2792
97 10646
77 15019
2 74437
59 5728
69 7564
82 7376
95 1587
8 8587
116 1573
16 53631
168 3659
46 21089
2 18300
439 506
277 1875
142 4110
3 100179
81 15893
285 2075
14 16127
7 85310
1 9886
51 3860
60 19847
35 20165
14 16696
2 94850
92 12221
1 61808
3 120695
152 1880
14 21710
81 16033
89 7304
26 25400
11 67678
3 17947
5 65464
7 40615
57 17341
295 424
327 1346
71 15349
269 1111
4 57134
73 14965
92 7423
2 1605
288 373
3 119243
170 621
19 37462
26 2491
135 6046
20 33126
26 36688
17 3556
89 15391
47 1833
30 22160
30 11781
3 117293
1 63103
35 15172
4 99557
16 50796
29 42549
44 10329
33 4018
49 28067
52 7356
73 4082
6 5194
232 831
136 198
42 27579
1 69677
2 83956
4 30985
132 1659
2 144620
27 12393
266 1014
8 26106
83 4604
1 124313
1 23221
17 43449
44 6303
112 3267
12 53935
6 52340
2 39485
146 568
114 7275
25 31929
65 13110
7 89417
9 7885
16 47034
3 88017
2 95472
2 86686
9 61039
1 28006
54 4432
19 11253
78 10545
3 128731
51 24947
1 53573
21 23941
34 5432
26 44422
29 28881
23 12122
3 78783
95 4163
150 1374
49 6117
1 5177
19 57529
11 58203
166 3724
1 115182
1 24261
52 159
34 15102
100 2562
48 11483
31 8068
26 42841
30 7758
3 77663
32 29497
130 4545
6 87428
241 3134
9 6929
153 1971
4 60098
5 76841
3 72476
47 13813
19 25061
57 22410
200 2049
86 7849
4 88770
12 34582
1 138880
66 14750
2 86572
362 867
77 14912
3 33851
5 70735
94 769
5 95219
64 13331
199 2093
1 40223
26 40969
5 60287
22 3940
4 21754
49 15776
113 691
57 11882
19 2593
130 1786
3 30942
28 22378
15 53341
103 3521
16 33390
177 1468
183 3965
17 43776
11 24314
41 11731
20 29879
189 3174
5 105287
133 8685
2 87108
8 11543
1 74130
1 36907
5 31551
258 1021
26 6491
1 148530
16 34550
80 17205
69 3629
50 27958
22 11719
253 2248
56 23098
127 4410
247 648
137 5884
30 10750
56 11404
5 38310
23 29626
106 4703
1 86168
107 9814
8 74574
12 65696
32 20961
44 9251
73 7787
313 929
118 7351
168 609
69 9024
96 6077
77 5514
87 9994
63 3085
190 1071
81 5813
140 5907
40 7564
20 29534
54 15665
36 7561
342 1041
208 4083
48 11294
29 19213
97 4031
3 99781
8 62123
36 9576
214 2055
8 56858
30 36428
245 465
13 52576
19 45984
23 42731
7 71808
2 76212
39 17290
70 2459
67 19913
69 20570
108 9872
107 7036
54 16764
142 6435
29 22839
27 27084
57 7480
127 5448
4 66361
15 54144
82 2359
87 6175
43 30109
1 76566
9 42121
86 8832
27 44415
26 14472
5 64199
25 15636
5 29201
7 29914
44 15500
30 40304
78 12875
1 145305
54 12637
174 5280
15 40000
25 22594
4 18832
16 9962
40 27440
168 4739
39 31517
5 25567
21 3098
1 76465
33 17364
41 24009
11 49117
36 27802
4 52405
166 1939
5 53799
25 41387
91 13323
363 813
60 20515
37 18559
125 8673
162 2844
48 20120
11 33802
33 27874
8 74404
252 1171
61 12938
6 56178
10 5365
4 107837
1 60435
306 1589
18 34446
14 28938
94 13215
1 82562
20 13853
7 38057
88 9941
88 2069
108 4638
130 8933
1 57277
41 4313
23 47499
80 14066
250 1442
107 6561
207 2973
1 21527
5 12657
3 106532
204 764
255 1583
3 29818
5 86849
163 6705
108 4695
234 3341
18 25871
1 3433
30 32695
171 2449
12 19580
77 3845
4 81145
122 10264
169 2279
23 30278
1 99805
1 60667
11 45245
16 54449
183 4255
1 10938
176 2753
29 27854
362 551
58 10450
6 83574
29 978
112 6659
94 12164
90 6716
191 1776
44 14934
18 55915
6 96535
108 7845
8 67703
10 24410
94 8176
8 52610
95 7876
14 28847
36 33887
179 2928
15 20360
302 561
27 41088
10 12538
84 313
55 21660
23 11340
93 13901
30 23090
98 7209
17 60712
80 349
22 34559
60 17804
1 98077
205 2168
115 1365
25 47260
93 1445
1 54906
87 10251
46 6150
6 24387
19 12162
19 12092
41 16781
32 17641
48 14419
110 10164
346 855
141 6830
5 93438
1 163706
375 853
34 9887
159 2211
4 42716
39 18931
6 18105
96 9447
60 13065
89 15127
35 10861
9 25057
69 1277
42 23585
92 10446
7 17947
94 10921
12 73061
27 1957
29 37295
2 8080
69 11053
118 9682
7 73851
36 12691
50 3723
23 17000
65 10355
104 6815
3 63768
60 20530
151 2070
2 35779
95 9664
310 1238
3 67057
76 5814
17 16254
35 34693
312 1466
8 16953
128 6517
4 97871
131 1792
53 5067
35 29814
171 1684
130 1816
50 2560
202 1640
42 19065
22 12812
117 7738
9 28571
20 55259
8 27607
58 7359
193 3678
28 24770
181 1021
14 10301
101 10387
68 18426
76 7150
130 1806
9 34431
50 13232
4 48293
13 48718
19 2654
73 4779
127 5072
47 27390
20 47519
7 24444
15 53384
8 66248
20 17449
2 54496
126 207
38 19229
40 31596
14 13032
15 48939
32 22235
58 10934
2 12365
129 4606
41 15313
110 6221
5 17473
86 15372
54 8871
32 11533
7 81572
91 5819
108 7410
5 40092
38 49
27 27669
45 30563
11 73552
1 148995
12 40399
40 2860
33 35505
25 3007
9 45025
23 49746
1 135796
33 9932
41 5194
6 20891
2 123595
3 57459
38 28273
45 23073
207 3282
43 21261
18 3015
62 21511
60 22987
11 28765
23 42316
78 7499
8 74627
4 25059
1 49115
49 2185
26 38435
2 23180
33 307
6 83203
135 7747
182 4869
55 1921
68 11170
84 5979
154 411
233 478
33 38631
48 13334
23 23109
14 21826
33 30274
27 28212
51 25556
11 12817
57 10074
2 105628
8 48096
24 28359
122 10236
6 599
5 38562
3 88482
39 579
144 403
145 2562
31 41693
3 131223
65 382
71 11254
2 2593
140 691
38 33587
58 16085
12 42888
6 68299
15 16277
136 6788
91 12611
13 202
398 534
215 2975
2 44175
136 8520
9 8559
1 58647
7 12911
1 86807
72 10941
32 6048
1 62878
261 2644
10 24302
8 28062
140 8224
28 21991
13 45660
53 1589
125 4237
32 24342
2 49293
6 32379
278 1132
103 7305
1 62816
12 42058
314 1382
158 5501
85 11540
48 2106
11 45275
27 1284
61 10854
14 56118
35 34932
76 650
1 27089
26 33072
12 4398
27 27618
10 44652
49 21020
19 17066
24 42261
20 10605
24 33378
25 16771
369 785
4 118764
50 14039
1 67201
12 57212
47 18026
5 20301
39 26998
3 42272
19 51779
1 27653
14 51527
10 10224
10 3497
13 6308
186 2710
7 73344
52 10206
105 2427
18 11758
8 51397
31 27627
123 10228
1 108033
12 11152
12 1654
5 56549
14 29376
4 2107
65 13088
79 10621
20 30603
58 23120
253 2748
246 1886
190 4495
132 4307
24 47092
2 122679
240 2626
8 21130
114 10598
2 135574
146 6252
112 1312
2 51213
35 16680
83 14656
37 25971
17 29227
11 33460
40 23873
6 11061
119 7895
76 17332
16 10099
30 35721
38 28914
27 37185
47 6550
51 14010
123 9385
7 35238
34 31319
79 6465
61 3374
1 160242
1 100502
14 43607
6 34346
132 7509
2 133498
117 9081
109 8682
318 646
42 23606
219 1994
224 2556
8 26566
246 670
41 14814
32 17008
32 3612
19 31418
1 143544
1 151489
144 5418
80 9884
17 15219
54 18646
33 33066
8 10828
34 31987
58 11652
8 37404
129 6587
69 4929
149 4160
15 16043
69 1294
1 104531
23 35178
17 12673
23 12265
345 782
128 2887
21 9086
89 14294
72 15135
35 5889
13 56063
44 16972
2 73985
60 4869
88 13414
5 27269
74 16212
1 49030
18 7587
1 26811
14 10470
49 906
25 16826
1 125442
6 51956
74 3389
25 44921
82 14238
28 21047
4 118660
46 3650
206 4228
42 4896
2 8
2 111501
89 14252
89 9542
1 31181
6 22510
78 16218
6 6373
4 107329
10 18445
165 2214
4 92524
284 808
14 638
182 3571
43 24813
17 24473
19 39818
60 9499
23 51698
169 3615
107 5166
48 12917
167 2311
2 20350
118 3093
1 167413
1 104714
3 129311
1 16303
8 6780
12 61424
1 145645
59 8531
313 1010
6 52561
56 21287
12 217
11 29503
19 27156
12 55492
85 2214
1 167932
75 1469
42 536
14 32154
1 118133
249 2800
8 52138
173 5454
27 5022
132 1451
271 1081
9 70034
120 2170
253 1113
2 45076
9 76036
90 7069
9 25965
54 8588
11 65895
146 2977
28 23934
17 54135
29 36840
140 6339
61 18241
24 9112
79 7824
123 2057
145 7826
4 5694
165 561
1 74183
137 4446
124 9310
5 96216
31 22503
65 16579
12 15577
282 2127
50 14421
30 15970
22 41502
164 4878
49 14447
22 24066
15 33185
33 23340
5 3089
25 42555
2 109998
91 207
370 1001
57 20134
59 23095
5 40890
183 4810
98 3402
61 1164
45 20396
13 60981
6 11951
120 4800
95 903
94 8096
149 5537
1 125715
54 14391
102 489
48 10055
103 9184
1 99184
142 3838
12 60919
38 4334
106 6138
37 16482
60 15239
12 73053
7 63931
21 54373
41 21009
52 7908
5 2997
50 4014
149 2949
10 16469
101 10661
27 16963
1 158078
130 6089
68 7285
28 30933
39 1471
13 43278
236 435
80 15899
1 120282
75 4107
31 25074
227 703
7 50563
30 20929
150 7149
222 293
58 4227
70 17017
62 13139
7 27556
7 26547
46 6142
17 23576
54 2081
5 18189
2 107736
29 43679
117 5475
20 45860
33 25619
47 23023
1 59745
82 8913
58 21204
31 33978
36 24897
3 102264
5 84211
6 12687
30 12597
2 71402
1 144764
212 4006
16 61552
45 4218
1 130887
16 23874
11 47859
17 48288
72 4637
73 4818
74 6039
84 922
19 21726
36 29166
93 6111
5 64914
1 154861
19 48200
46 2522
28 17109
51 18017
12 50484
134 3937
20 13399
92 13990
7 30979
210 2127
1 170254
313 1366
5 94155
127 3676
226 2859
17 18199
18 12947
9 3332
26 13656
27 37483
28 32003
19 4503
107 11682
28 10742
36 25731
8 44682
204 2926
19 50078
15 6137
79 5053
127 6513
1 119776
200 1661
2 9350
68 19328
5 103864
29 24556
7 32156
15 24434
165 5504
2 78237
133 6577
5 77976
115 4107
10 3664
19 19880
173 2975
48 10355
1 53114
218 1883
146 883
18 25371
117 9379
29 6371
17 23902
25 20983
50 3021
1 78040
1 146616
1 65516
111 3949
10 33617
19 11451
49 20931
34 18072
15 28910
34 404
4 24229
32 5694
19 3895
11 39512
1 22107
28 11625
78 9356
151 7207
14 53445
22 40197
38 15006
4 35780
10 65392
23 30643
2 128244
5 103621
134 3091
1 37019
2 19356
5 65846
4 25247
42 12852
12 22082
85 531
26 35968
25 29354
158 1407
337 558
35 25995
9 6368
104 8466
17 36351
53 22704
24 35316
26 6463
63 1877
6 55345
15 57826
127 8720
8 81822
30 5364
5 11837
16 49459
42 20341
126 1187
2 44141
21 28609
323 1309
47 27638
32 9019
14 39283
15 1444
220 3742
65 9378
87 3680
8 56524
20 4414
196 4119
47 17185
66 9859
50 6595
7 22576
54 6103
240 341
44 10417
9 52415
20 26724
236 907
39 3462
73 4174
2 43789
21 5611
7 72880
25 21141
245 647
86 15638
6 54867
128 2299
14 59108
104 6560
47 11622
2 138060
1 154729
160 1385
1 54783
323 884
1 169639
3 98792
222 547
44 16568
2 97566
13 22256
133 9013
83 12829
22 45464
79 8160
21 50768
1 7895
3 13945
57 18740
5 91502
1 25387
338 941
14 30100
201 948
6 60495
105 5538
1 93551
64 18863
133 7980
176 415
3 72028
72 11115
5 80953
197 4201
47 17989
21 13518
15 44504
120 1026
23 26364
19 10827
1 24087
5 81392
6 36212
3 107102
27 26573
39 34591
28 28381
335 491
1 66847
97 9907
7 81030
56 1807
3 558
14 18031
43 17839
26 34411
6 61342
28 11264
29 28001
98 4701
14 29278
8 70566
7 53536
2 38774
308 695
34 5418
16 42463
1 33066
113 6620
14 10212
15 10505
209 3159
17 35615
1 123450
6 36924
33 14071
7 4100
3 67775
136 7004
16 36390
5 15159
267 1716
61 15643
2 54767
39 13222
1 126027
17 26106
56 18381
28 15933
1 132881
92 7276
57 22878
113 6498
44 1924
232 2671
3 97594
71 4186
3 95891
132 5349
6 84633
79 3130
139 6563
4 99447
3 66094
54 13455
1 74106
1 1112
117 10888
83 8565
3 72530
81 10925
41 8897
128 2311
14 14156
273 1760
36 35526
3 5590
56 3060
25 33031
155 3674
261 932
175 5690
27 28920
55 23098
126 8133
49 24418
53 20164
14 26673
70 17636
19 1866
11 56818
2 84583
29 31460
1 22389
14 23293
15 44697
102 3604
42 25114
9 14326
62 22079
69 11956
83 5753
3 86083
41 11778
1 83077
8 30800
4 45329
26 1299
34 9541
117 7738
3 68002
6 38515
7 21416
96 6886
29 23039
99 7833
11 54087
22 52014
35 3117
5 7294
18 25351
121 3187
41 9506
109 3541
14 25304
6 43486
14 11068
13 55955
32 22857
14 11011
14 50127
21 16356
24 23976
38 21651
12 27250
23 5904
62 20760
3 128244
47 9125
103 8424
2 40943
13 53347
14 29456
47 25346
87 6660
408 728
52 8705
15 24480
70 19760
11 63851
136 2724
18 48570
5 22568
96 13374
108 5341
101 9864
205 3375
31 34168
157 4457
1 95528
180 1629
72 8459
302 596
69 1256
121 2241
30 14483
1 118882
246 1603
226 2331
1 48059
6 39126
51 16252
22 52579
160 647
53 7948
43 5241
10 29067
61 7958
29 29219
2 114261
66 8159
47 10975
423 532
1 29879
5 60551
51 22113
45 8423
21 4751
109 4234
11 12085
46 6618
81 9627
32 11102
155 1226
12 69242
7 38401
1 86200
16 6408
2 71008
95 7172
42 16403
68 2512
295 1717
131 5237
3 108647
6 79280
143 4527
109 10319
331 1202
35 34713
106 12072
46 13827
20 24923
1 39979
24 36828
38 1439
37 8666
55 10555
4 43531
9 52489
3 62620
171 400
98 6245
28 14155
9 18662
17 3144
35 11773
2 31530
15 31295
14 54338
200 2393
16 9295
196 1341
83 16644
265 1290
2 8245
3 64318
79 10030
124 1849
42 3025
17 58959
31 36034
28 24190
11 11714
35 24671
49 28516
22 41008
339 656
71 8269
2 1655
5 17996
108 2111
254 2242
8 42243
80 11719
35 33129
49 18902
19 54338
45 1687
1 100023
14 44173
16 720
5 14969
5 45681
116 4702
40 23879
28 38452
36 18185
1 1148
7 81892
38 17936
6 621
8 4984
24 41874
12 49373
27 45410
104 2505
1 112550
143 3071
176 3760
5 85791
6 34821
95 595
411 661
1 103543
21 8120
173 5760
169 6019
153 3093
317 1048
19 33195
46 16823
66 1186
199 1206
66 17796
334 1038
13 8086
13 56525
6 88738
10 58677
50 1789
4 77022
270 1571
5 109378
242 3117
77 681
112 450
89 9964
23 43389
8 3538
4 14869
24 18518
1 156338
96 13160
104 12399
20 3821
98 7049
98 9528
31 20815
8 39399
55 25099
190 4361
176 4179
49 14279
57 2453
74 12433
18 3839
82 1880
12 51352
28 42991
101 5474
36 16698
3 124686
75 2960
175 4678
189 2690
155 1204
78 7124
10 55614
27 26514
1 104348
361 934
54 6629
1 102527
72 284
42 13704
3 30624
166 1647
4 1332
46 12111
131 6028
82 1163
62 17095
89 8899
4 105718
287 299
132 909
122 1374
27 2189
90 11861
18 30701
3 73244
27 29273
8 64857
11 74500
85 1864
2 27563
58 12164
20 28597
1 19263
1 109826
1 154736
262 335
54 9714
53 7314
2 89940
142 4178
7 55284
12 33628
35 30310
118 8470
2 36060
45 15472
54 18436
1 69983
18 38656
2 66237
22 20308
7 30086
314 1170
85 11810
11 72070
19 30860
1 135917
6 46485
12 51711
28 7902
136 8547
2 30158
62 8380
2 75975
71 139
13 30530
47 18330
7 52934
1 43746
256 2733
1 23982
172 4406
4 111715
35 15270
80 5229
37 10557
102 6539
9 8277
14 51132
50 13967
10 46757
50 22195
15 23496
163 2904
44 948
17 28995
13 24113
76 3353
155 4392
61 3784
1 136081
252 929
95 9951
63 18272
22 40765
33 4674
8 20748
6 19877
79 3715
14 32421
44 19757
186 3324
24 7550
55 23286
56 10179
10 49426
30 10181
15 36539
26 38012
54 9238
1 126533
58 21575
116 4062
16 32358
62 14685
58 10132
1 84268
60 15890
9 41812
50 26283
37 5128
128 9251
39 33996
29 14538
5 76998
21 12307
1 159082
13 38786
164 2225
1 131028
8 56612
26 32214
33 65
13 8359
60 22947
10 32389
17 58222
30 2240
1 115361
67 8439
284 1222
167 1008
8 5035
21 10107
217 1397
4 39628
22 50858
186 1114
127 1881
66 18862
205 2465
44 26089
124 9835
18 50965
10 53166
31 864
1 97217
62 21696
50 26781
5 27779
47 5146
16 7243
3 110645
54 24700
67 19994
230 2963
44 24533
220 2969
21 47787
227 2650
10 22242
4 57837
11 11108
6 85052
9 51965
37 21302
106 7441
85 8724
2 126276
121 8402
94 11786
158 4249
14 26721
48 17178
270 1635
47 29146
61 22009
2 116301
34 31319
18 6760
8 59093
113 8254
1 84479
105 11449
20 24414
3 36081
42 19005
8 14637
1 125569
54 193
58 8107
88 7936
231 1391
96 10886
14 63379
89 10470
13 35255
19 20606
50 16373
1 30383
105 8877
45 25489
13 47264
2 11494
8 41897
9 78579
29 2457
17 38451
3 58639
50 3183
34 4895
131 7054
19 38701
68 14045
99 303
91 6455
147 1143
59 14028
194 3547
40 23165
40 23671
2 8612
189 3988
160 6461
2 114866
21 36205
19 19330
46 6531
365 617
147 370
128 4318
211 1572
8 29611
164 5210
177 3466
1 152312
12 17598
73 12410
11 69024
16 28647
2 79391
49 16750
323 1035
18 58452
196 420
24 32192
24 48871
14 67247
61 13644
54 8433
14 15161
30 40174
1 56367
118 2829
179 2331
118 5338
42 11342
217 3500
59 1506
104 3195
1 132863
7 9598
165 6560
13 51376
2 87062
89 1250
49 25778
58 13072
2 13391
140 4922
36 13359
25 24144
142 7186
19 52065
286 1757
5 72625
98 6051
28 36970
42 23081
3 117613
15 51254
3 82469
97 10827
68 2054
42 32492
30 5157
88 3047
2 132458
94 2823
147 3666
1 140851
410 538
7 26604
21 44963
101 12179
5 50660
91 12365
72 19147
69 8668
107 9267
1 162849
20 53910
94 1413
3 57487
123 509
123 3629
42 26805
1 40108
6 58367
35 3173
77 15167
22 32186
48 22742
10 57195
32 10903
167 4784
137 8230
67 10062
3 128306
118 5405
129 1690
139 6994
8 28079
77 3857
13 67812
13 28510
16 27365
4 24116
2 67126
2 137430
111 2176
5 70209
65 5216
143 1377
220 1986
72 18038
6 92207
153 4310
19 2316
17 50607
1 114360
183 4120
139 2793
2 138962
258 726
7 38319
19 25303
200 4133
1 130664
14 15563
33 18279
50 11285
147 4931
276 739
45 1732
33 21122
27 2767
321 734
22 48879
327 598
51 288
147 7008
190 3831
57 2465
134 4016
53 9195
7 38813
296 1211
18 22665
26 24039
83 15311
5 25155
18 22975
17 29842
34 3861
7 3893
63 17226
55 15044
11 51292
2 108482
84 1677
20 36584
81 4293
393 594
54 5552
6 61937
44 4207
18 44148
52 20122
1 55608
55 7658
1 5916
11 8316
12 22351
2 123840
42 20848
28 9261
94 6217
115 575
16 48457
23 10847
50 7428
43 608
7 45130
3 28637
8 72417
7 67481
45 30324
180 2615
84 14431
30 31746
7 77340
20 11829
5 94785
4 76109
15 45922
55 23310
2 19276
2 25858
22 15104
10 74180
93 5841
361 520
3 20497
53 25884
172 4027
7 35644
79 13608
7 87294
20 29878
167 2007
43 4318
113 3991
18 24335
190 3519
156 6426
215 594
3 32442
10 18541
56 2687
1 42064
27 33384
42 7046
3 102936
4 26036
274 1389
43 7443
48 21808
21 32428
248 2325
33 12673
6 79796
6 90999
49 19170
94 5706
37 3115
110 9505
3 75030
199 2436
47 28027
153 4183
37 16802
135 232
179 5294
62 4672
75 10741
82 2554
27 17568
161 4740
1 38420
1 127998
28 22518
169 5151
6 32325
171 3539
31 36077
29 15123
185 3651
141 5554
14 34927
24 2885
5 56950
57 22131
19 32045
35 16814
4 4155
38 20584
323 337
60 20697
119 4303
77 12211
23 12804
5 9425
134 2513
20 48003
382 465
121 4965
75 150
149 818
134 476
8 34268
6 83007
15 41045
23 28811
140 5906
33 6665
80 10610
11 42604
11 56001
23 17682
35 38118
79 8755
125 10082
47 6097
5 2963
19 6494
51 15435
12 28604
260 921
138 7466
4 11328
200 1624
49 15674
18 36752
13 2504
222 739
264 2075
40 21145
137 5877
63 9675
4 58402
9 14388
16 47483
18 1080
12 26435
71 686
43 11312
95 8637
1 149123
160 3309
14 53799
15 4185
30 25506
46 6556
20 34947
25 9546
60 10464
14 59336
12 42811
2 52161
52 5670
36 5973
1 135200
2 14722
86 5317
97 13531
1 129964
5 23202
233 584
2 97723
41 5582
28 12346
25 29902
1 157497
2 121902
68 240
19 47152
107 11123
23 37189
11 73852
5 106896
107 10811
88 6629
9 24334
23 28907
3 94047
1 47626
359 723
78 5273
6 24121
324 1076
386 581
1 45052
34 6529
42 31395
1 44111
18 51009
5 80179
91 10607
3 22414
79 14194
78 14735
18 55962
26 28688
93 12108
42 21177
197 2185
4 3989
16 35799
8 21808
369 836
22 26452
76 809
1 78848
7 87859
19 33179
50 16364
2 111687
30 5687
52 4359
117 2219
41 32371
6 11344
3 63289
5 14233
74 18573
10 27030
313 1384
39 5788
40 19895
29 41396
30 1728
12 32735
19 37822
25 32544
4 103631
11 23948
22 20498
82 7985
179 1026
20 45729
226 1088
167 4471
2 2571
38 11881
7 27307
5 8151
213 2277
1 24610
1 148603
169 3634
81 9029
115 8356
6 5561
370 419
11 27094
59 81
89 6881
1 162826
152 1150
64 14831
22 51320
16 13182
265 595
7 20118
136 1386
120 8258
117 8282
8 63356
54 3815
2 131744
48 14730
4 27701
24 31801
94 12458
4 1905
6 23403
1 91852
72 11906
65 5389
88 4432
192 3022
18 5162
4 43584
183 2817
3 58172
38 7273
125 9661
39 34357
4 85510
174 4045
1 61973
78 17577
33 27599
27 31110
1 122696
79 7807
19 38843
32 16238
43 17589
30 15653
19 5628
1 89923
16 51768
5 85994
23 27229
266 2180
7 27993
15 48417
2 80762
246 904
25 9776
14 38505
6 56972
8 56195
31 41832
143 6242
219 3159
64 508
238 1720
83 885
18 6393
41 3429
116 4182
43 15106
2 139216
23 45210
59 13882
70 7107
25 2248
6 10857
8 48867
11 19728
83 4504
69 11700
31 4266
7 90017
50 21807
29 37694
110 5466
1 159521
2 52967
90 8321
36 17398
29 8403
18 35562
17 54111
106 9558
49 5194
49 22036
108 12269
41 20467
5 60900
143 3569
338 937
7 35143
4 118089
24 45405
277 773
51 26381
84 1748
25 15425
15 15366
327 1368
15 17700
424 620
180 3138
160 1039
130 1065
22 49679
44 26143
7 33519
36 19847
286 1568
178 3956
9 69211
55 12511
3 123115
1 95628
5 29943
25 6219
15 17141
23 9758
143 5442
18 59603
5 66684
8 84152
5 88322
16 39116
66 8571
82 11386
3 129454
2 59948
99 1232
137 7922
66 18712
31 899
23 18216
199 4586
8 76049
29 10877
77 1989
19 6682
15 1369
62 21002
116 1168
34 12445
10 70320
4 65083
17 45265
31 26114
8 61331
1 162424
16 17293
20 46496
136 5524
94 14512
17 57157
260 2178
246 698
35 17172
12 53061
192 713
102 10342
12 44279
114 3651
11 12376
9 35556
22 50482
128 4684
4 1083
41 24314
18 43713
47 21796
24 26183
50 13436
15 65632
17 50599
15 17048
82 15720
167 936
77 1204
5 85892
1 169942
5 30351
56 5221
7 80836
23 24031
60 7564
150 6052
18 52548
398 536
14 47533
3 83214
173 195
41 23553
375 608
66 14791
34 32115
305 1054
5 70520
47 18911
63 20471
108 11374
106 2887
5 6941
4 78199
5 51199
7 48214
33 25478
20 23620
4 109281
32 1177
161 3096
32 9776
23 26486
1 59606
67 1842
4 26232
6 38780
26 6825
58 15285
136 1508
9 5529
122 9067
5 21465
8 57969
61 11722
1 143135
5 90849
36 13324
23 8229
11 73716
42 12847
16 61613
24 12960
74 16914
9 42269
116 10263
2 64183
1 81448
274 2306
61 3682
59 22959
32 17035
12 43181
10 35405
1 116730
102 8518
126 8838
5 89229
16 36136
9 29404
8 79161
61 21889
2 132899
85 8563
182 2341
126 3497
313 1437
25 11838
120 3155
48 22886
69 5989
52 8698
2 93466
104 456
278 1482
87 11795
62 6248
167 2413
108 2765
32 16980
200 4211
56 2572
70 11650
46 11945
1 4542
39 19651
57 7004
27 15331
37 16860
134 4566
151 764
8 69423
76 15139
1 155762
28 25125
28 28408
24 45245
201 2974
132 3241
19 1513
13 19838
2 15305
101 396
3 73634
132 5668
172 2743
13 4316
4 89072
6 81153
20 17456
307 1223
23 8309
4 111738
111 11727
129 7534
190 849
145 6397
6 17852
5 10789
1 106726
21 45069
33 35690
14 62290
5 74886
29 37282
18 11957
123 2708
2 142803
2 135376
10 75172
6 56430
83 12758
86 9031
1 141629
22 22051
13 28922
43 29471
322 1554
37 20401
11 31579
1 17175
63 6968
101 8738
25 27652
57 2801
68 7569
155 1856
229 2135
12 4701
215 681
1 80692
47 22181
94 2754
46 374
5 2468
95 14353
6 43303
101 11662
284 686
4 48994
11 56882
242 2306
46 2592
1 118743
45 2105
190 1563
18 22476
14 10117
9 65953
67 14578
4 53514
7 71734
5 71044
13 67604
266 398
70 419
137 2459
29 11307
155 5683
61 18804
1 163707
24 48454
104 12880
105 11636
11 18302
162 3432
28 39689
57 2601
105 3069
1 116235
1 101879
20 47593
2 130428
55 1089
3 63938
2 112378
11 59792
89 4228
32 10678
55 11863
162 4962
48 16389
2 114395
117 10712
164 3395
39 35049
6 3619
1 159924
60 8616
10 8121
23 34354
40 31137
119 7457
9 11059
1 138705
91 10034
348 484
7 12583
149 4432
50 12816
26 26107
70 17814
1 85945
57 22949
133 1951
42 11212
47 29373
54 1756
36 7194
37 21996
4 45899
1 133981
71 8641
12 7507
89 2717
9 68560
34 17604
74 18962
14 2281
2 138016
115 2410
268 453
87 12784
12 36661
158 5399
22 8363
1 2893
11 20043
176 4942
18 32072
213 2095
286 389
273 1115
82 12025
214 3877
41 6777
15 17903
19 28019
2 73280
11 40546
38 34793
28 7574
5 37924
29 30688
137 2033
172 3928
12 18322
52 9992
30 7101
29 34246
69 5649
20 16768
32 23041
23 21616
13 23041
110 7893
313 984
21 27150
32 38284
12 71969
27 27667
22 36616
7 67414
219 3691
1 156543
8 7604
6 53587
152 5206
2 86198
278 1807
14 64969
79 738
8 59476
31 1436
2 118812
258 2590
132 1259
270 1612
186 4650
1 81533
19 38589
40 13024
55 24983
2 13294
27 39264
16 12517
10 60484
17 57291
296 647
58 8018
37 34409
88 13852
6 34920
3 17122
31 5572
49 27927
3 131285
182 5351
190 1330
51 15491
98 9945
2 36307
225 450
6 1086
14 23566
161 2911
20 31711
204 3471
98 8490
27 28973
18 34174
98 5899
156 4460
49 22183
5 18350
86 2436
117 10247
16 44722
91 5095
131 7364
156 6477
53 13659
36 23391
217 3200
83 7317
171 3043
151 1682
6 8642
52 4974
218 1142
40 1509
52 17329
14 61155
39 1765
66 6334
107 6689
3 63685
30 35308
4 14136
1 121000
3 76996
23 6651
57 2532
6 49912
67 11970
182 3139
100 12096
52 7125
215 745
84 13926
5 101304
5 80009
18 3663
86 10897
12 52263
49 21631
14 22583
1 77660
12 16795
151 6375
20 29068
11 46011
15 44865
17 56360
81 1029
7 58811
20 38330
18 9578
27 25185
11 56185
57 21634
11 33195
13 7797
25 20909
234 1605
125 2186
340 1101
142 973
32 26256
48 24384
409 739
67 3684
65 12459
13 25377
87 8505
13 68467
174 867
40 7618
174 3364
15 12029
149 6392
27 2797
176 5041
21 3780
40 19355
152 6366
7 44736
76 6777
67 13200
9 63570
28 43502
10 64302
4 3932
52 26518
171 5812
5 43184
53 19016
121 7979
11 19727
39 2187
23 18461
31 39608
2 87477
161 4626
1 67276
27 6833
73 3369
85 1671
273 1340
346 843
228 3091
177 5274
44 24552
136 5096
26 24005
5 11525
15 29947
61 20117
1 162667
150 4970
172 5890
35 12717
39 13812
25 22183
7 64254
16 57520
78 17095
34 22116
112 9969
20 11476
12 52525
207 2686
178 2321
133 4796
40 28748
201 2475
14 55544
4 48646
107 7017
78 11129
36 12286
18 47894
16 20711
1 69063
2 81648
11 9391
127 4457
6 9604
10 5281
185 3529
27 41824
148 5686
25 28455
133 1862
49 23889
37 1677
5 39280
37 28159
8 82794
81 13884
16 38643
32 11037
339 938
2 10013
2 45885
74 14817
248 1417
23 45616
33 18927
78 10603
2 15254
10 70185
47 3469
10 23901
36 35896
175 4630
83 7310
273 522
129 824
13 13254
18 9286
22 8837
155 413
31 24301
28 31033
37 4322
69 16524
330 807
212 1955
29 25235
56 6999
91 3801
32 7339
39 4337
16 15652
25 2798
20 4474
25 32714
10 69778
29 41851
10 16607
27 5210
1 21265
70 11387
5 93003
18 25394
46 26849
126 4946
89 1588
90 14769
86 14967
36 8700
32 4297
22 10473
1 143681
15 21199
82 8792
42 27069
31 32653
73 15172
7 82294
21 44839
249 1073
47 4240
50 18428
200 2460
213 2561
14 47333
51 6492
31 11857
62 15864
54 688
277 560
4 22264
17 49543
175 5355
34 25019
341 1010
42 17800
9 50446
243 813
3 89182
178 3767
159 2010
40 8916
20 41308
95 7205
10 45947
1 55965
48 25480
2 71879
70 10795
1 58960
32 1236
31 36871
73 14287
12 60266
41 25027
29 7754
17 493
21 25942
1 30315
239 2979
17 20436
381 684
71 2885
2 93393
38 11221
33 28918
134 698
1 113186
49 7001
19 20724
57 16267
102 3520
4 120098
3 33053
2 139580
4 74018
57 11635
194 3250
69 15735
155 4608
5 22991
5 99362
127 7953
8 53138
5 108860
30 28280
1 162171
129 7248
55 25350
207 1623
14 1550
74 13878
38 27294
217 798
149 6172
14 63409
96 10145
3 69918
62 833
5 36796
35 2886
10 56343
104 12086
321 544
96 173
1 71050
320 690
235 1927
66 12069
39 18583
45 19785
47 12698
200 4523
13 6211
154 867
6 80996
46 3499
75 171
21 40983
94 6832
14 22694
176 4290
13 67278
11 14
98 2974
8 12213
123 2083
270 2176
20 48658
7 6022
260 628
187 4092
129 3305
26 47095
153 1054
353 511
1 79143
12 39337
6 37092
14 9980
92 9039
95 6375
11 24976
84 12802
72 1095
155 2814
15 4896
59 13598
160 6044
1 38962
20 19900
23 40351
2 105364
61 1447
150 1832
41 16680
13 59341
62 13958
134 8443
1 68352
7 23091
21 24920
241 2888
61 10260
56 6194
80 5145
15 2578
21 1375
92 10067
33 25084
17 22832
58 15459
29 23771
18 51207
27 27618
101 9084
41 25185
54 25294
206 2656
15 43445
89 5737
125 2521
133 6252
2 136076
451 516
56 19677
16 50667
15 6645
87 8181
63 6176
22 5504
204 1659
7 79182
6 36221
10 55592
68 19527
6 66465
37 36231
26 3222
21 33239
5 6767
8 75789
96 11088
26 16804
56 446
79 16557
21 15618
23 47349
224 3649
66 5442
187 2904
258 2580
8 6615
81 14696
8 61973
99 7488
94 2974
10 51331
1 154837
368 597
72 9128
54 23032
8 58142
1 23206
1 112167
1 85777
25 11294
269 1596
29 1044
14 31110
11 30345
1 64657
78 11622
157 6687
3 20613
1 11537
58 9283
11 68899
20 8973
65 19124
23 3919
108 10184
2 136599
299 325
61 7868
142 608
2 26861
43 6811
323 1300
60 15162
4 93965
23 47577
24 1161
21 1549
160 1469
7 42527
55 5765
276 1236
33 13818
64 11903
38 19723
3 33694
50 4036
102 7508
182 5373
40 28051
32 25994
4 62092
244 320
1 150848
55 23261
45 21832
38 24467
149 652
12 49351
267 2504
1 12914
199 3162
25 4440
26 4883
16 9300
123 6127
101 4107
50 279
76 8749
140 8226
9 54446
281 338
79 2812
5 22702
23 41546
47 21652
24 1845
58 22517
12 31056
56 11350
113 660
4 9229
49 11483
350 798
74 11437
27 3894
73 8473
29 28769
110 6021
27 22232
6 82151
19 36138
43 6917
241 887
41 5902
7 3766
49 20281
82 4115
26 273
29 19624
318 1354
71 10863
80 3301
5 78397
7 7340
1 161480
255 268
86 4094
11 30543
28 33486
4 64588
29 14064
15 15325
1 163333
19 52734
39 19476
36 1946
1 166095
16 63550
24 1592
12 34860
27 218
48 22679
6 49930
9 21656
42 11127
1 106387
142 2336
52 6336
97 8518
133 8273
16 63300
17 27519
37 31476
23 43962
8 57903
13 49399
104 3702
20 22155
111 5352
25 13233
157 4531
19 27984
22 47366
10 19754
1 56857
17 7653
10 62244
74 16858
51 25134
3 106564
224 1290
33 7857
11 73880
200 2919
73 13624
10 15365
83 1986
3 2246
212 1409
7 32920
1 18100
65 10692
12 10255
53 16673
16 3832
16 42020
13 67801
74 17578
23 26779
53 26370
110 4914
2 98529
53 20141
2 124462
118 3422
4 115539
2 126449
136 2019
6 52545
6 88898
97 11781
3 77701
182 3745
184 2437
2 71975
54 15672
7 45547
115 6230
11 5326
39 34331
4 43901
5 7600
71 6654
16 29076
1 83636
108 2506
25 21713
50 7575
59 18691
305 462
44 17387
51 1511
4 21767
53 6921
19 51489
14 49012
41 31778
15 26395
11 43654
8 65172
35 26494
129 2609
97 5432
31 24262
16 58238
1 81765
68 2051
109 4101
12 71236
16 10592
61 10660
3 116511
28 44806
8 84039
4 53106
98 10296
108 7749
21 7824
34 20141
16 43581
5 89081
27 30280
57 12718
45 20616
52 22083
48 9273
2 40530
2 65884
71 7008
150 5997
145 5319
7 81613
1 31947
157 454
69 7641
6 50897
210 1539
195 420
22 18588
57 14347
168 4760
54 9178
41 26698
2 92531
199 926
3 3530
104 8289
46 15569
109 4134
18 15046
8 6666
215 1204
1 157404
159 3777
153 2676
49 15148
34 35558
178 1707
137 2965
78 2473
21 30407
60 4117
102 8352
39 33180
88 5210
42 10390
6 48339
9 74385
56 276
15 39451
1 60735
64 4891
94 9801
3 57794
59 15933
1 81780
15 7085
112 10045
26 28539
90 1542
103 8437
7 12529
11 6057
296 1205
99 3289
126 2545
42 15057
377 445
5 9987
77 11988
77 3411
42 25207
30 15555
210 2498
6 73622
27 19680
153 1046
22 37239
65 17875
52 18612
11 47280
228 1892
10 6083
8 13094
5 103744
11 32076
19 47463
42 21885
94 5922
148 5560
27 29892
93 8835
56 24505
31 15022
1 159548
12 70484
21 44563
227 409
60 20135
4 112687
44 19608
13 28363
92 7034
59 18557
242 3109
36 16944
117 943
4 66532
23 28365
69 14460
46 15952
28 25890
68 19383
193 1709
1 32576
21 43531
21 43696
19 27576
50 14686
25 19264
240 1007
106 7406
33 21451
1 48424
6 28503
23 33318
99 1442
275 1577
8 61659
17 25959
104 8722
200 4449
5 13709
57 15040
39 21623
121 5989
112 10510
19 40184
48 15861
95 12607
7 32801
202 409
65 18258
17 19001
56 1954
160 2810
8 45820
42 24225
1 163844
174 2251
184 1911
33 12937
12 51739
1 79433
174 1299
1 8807
4 26547
14 24744
3 94484
2 58998
10 51261
55 3560
19 3283
18 39653
53 20565
1 9108
43 16132
105 5976
64 21746
75 5112
2 35945
104 6062
23 17513
1 85156
33 21010
19 26255
127 5731
90 6248
1 41213
10 67611
153 5132
12 38220
29 16618
33 40079
25 36765
20 27081
104 2289
103 8157
2 91299
56 17493
20 40193
29 25833
194 1961
20 50017
2 8607
32 30670
9 78583
21 33674
1 1271
13 63744
102 7202
21 27946
3 108495
1 110849
91 14401
24 9517
40 11709
73 3189
151 3081
344 868
263 1340
5 15461
82 3659
1 11944
52 9010
189 3653
75 18617
246 2754
200 2308
164 3886
58 7570
5 69795
6 87814
87 6843
79 1674
24 21101
114 7253
33 10858
11 51317
67 13209
24 18124
60 5328
9 50175
2 138509
11 35138
229 2148
98 8646
201 1607
8 66474
15 44238
24 46181
3 118619
34 18938
103 4531
6 8431
109 8977
40 19953
43 28995
14 67962
7 35378
86 11644
252 660
59 15665
26 16723
3 32826
260 1208
1 65950
47 4070
34 35500
32 21087
25 11449
2 99619
141 5651
25 573
16 15835
29 33766
84 11459
25 31253
205 4096
4 10285
12 24022
117 4323
50 16132
2 80932
164 6637
3 130819
14 44107
75 4948
165 3430
1 103202
44 14164
106 9078
131 4453
56 4369
32 25931
8 22
30 25403
137 5309
201 2895
135 8386
