50 46
192 170
140 22
253 39
132 121
271 34
168 72
192 97
116 86
206 139
829 7
200 18
142 46
642 7
157 20
155 51
524 13
164 95
22 3
824 7
158 145
249 68
196 85
167 61
157 35
978 1
91 48
79 67
514 2
113 79
161 33
74 4
183 115
205 139
141 128
501 12
331 2
661 2
66 7
207 89
104 87
236 35
102 25
232 42
180 21
234 28
159 109
247 26
200 85
163 150
124 104
447 3
803 2
828 4
90 36
266 55
174 44
99 14
296 5
116 115
150 149
490 5
131 66
437 14
164 15
356 9
217 119
240 72
120 4
194 98
258 4
159 27
112 80
321 22
98 44
204 58
72 37
160 72
175 144
8 1
257 23
122 99
171 1
924 4
208 70
68 3
145 30
918 4
175 33
178 93
278 16
216 81
217 76
155 33
34 6
278 53
319 11
526 14
91 78
112 76
218 119
401 3
902 4
145 135
190 128
280 45
355 4
225 107
194 90
55 4053
97 115
17 916
6 80645
8 1271
35 14932
65 2433
6 23658
14 27724
10 83440
15 34614
23 37981
14 28249
48 11794
1 49847
24 27901
6 107432
2 119966
7 62673
3 126172
1 165362
2 72362
11 17278
9 46160
25 12314
2 24203
23 25039
9 21853
16 18488
13 65234
2 136214
23 40302
2 109003
20 30778
47 14605
13 41561
11 60041
72 4843
49 16059
30 29589
17 56984
34 12535
14 31236
107 2518
19 17782
21 21726
51 13818
4 30974
12 68605
57 5980
56 3115
26 34665
113 2241
4 85546
58 2745
3 59679
4 130378
6 69872
5 103538
5 74124
27 25134
1 62466
7 14370
91 2814
94 4222
6 75500
80 4404
16 20838
7 104460
2 7352
14 11197
1 138974
1 78602
8 34457
55 6134
24 9210
43 18692
12 35276
3 88799
24 3078
17 53413
4 81078
15 31937
15 34621
8 40598
63 7869
46 5866
19 23484
21 2257
10 82039
62 4539
5 65028
43 18685
18 20833
42 14574
37 11714
46 13315
4 37889
73 7105
35 19518
1 116130
25 36888
3 122871
34 16890
49 16178
32 1267
33 3683
2 39574
12 26186
1 172617
2 70570
5 101264
2 139593
2 68117
12 52867
102 1157
42 4035
26 14864
7 88427
2 161789
4 64901
10 69675
3 137672
24 19880
49 4393
47 1332
32 16532
33 13853
30 26514
19 12162
1 35138
18 4437
44 12897
9 66682
9 17770
3 134035
59 9180
101 1002
46 982
1 166409
10 16814
89 2020
6 73581
1 155461
4 98958
25 24908
4 29396
50 1534
3 52443
143 784
1 174716
5 23234
15 51311
3 42920
2 9027
79 5006
10 58100
56 10823
3 61697
44 17695
114 133
1 36974
1 23972
1 183440
1 180759
47 8963
11 53678
6 78626
7 66179
27 15229
7 94275
4 57660
5 96812
2 78207
3 26549
9 13511
3 40592
16 27533
1 94476
33 1317
9 52053
19 812
2 1733
8 45715
1 32823
7 93474
26 22680
3 82003
26 35623
80 4524
13 59371
19 4640
32 17081
22 43541
2 75584
35 3820
13 57801
27 1979
66 4401
9 88999
45 15253
71 3850
7 15191
5 109487
22 15178
24 38653
24 17649
26 23197
15 56934
17 20404
22 32544
121 1105
1 178979
24 15568
4 73545
1 1965
76 4514
20 22631
7 95167
9 70038
12 34352
3 28088
1 153614
46 480
13 10571
15 482
1 160913
9 51686
15 55069
6 75894
1 152058
38 20434
59 11005
6 83534
56 6821
1 16108
80 6393
34 1831
10 74280
4 50934
1 80257
27 5427
36 10985
9 53449
38 11032
62 10335
21 38626
3 58709
93 3028
15 41783
6 84512
3 40895
11 56557
17 22951
20 16116
33 3596
3 35369
52 14477
6 64411
30 9427
1 154965
1 178056
3 6213
16 16554
14 46154
113 478
20 31664
78 2351
8 85761
8 12259
1 71025
11 47976
4 31003
91 1972
32 20609
1 135250
34 20895
114 460
25 29151
14 37799
16 31260
32 21744
3 122158
111 2142
15 55138
144 435
33 6756
84 4467
70 1624
2 5383
6 73565
7 46891
2 114959
39 3530
3 103429
7 25542
34 9006
1 629
39 5694
19 43324
75 3057
33 1619
3 51000
7 70264
8 53367
32 24228
93 2199
40 3953
6 16755
1 32084
62 10887
23 14931
5 77441
73 4602
8 91495
2 120136
10 4058
7 100521
16 41601
7 15615
21 14362
5 11061
34 21496
17 40228
82 5879
45 3511
29 17189
15 28091
23 15545
17 26076
1 155511
132 1213
2 165087
32 20786
26 36092
7 22981
8 74364
2 160964
6 44730
42 10460
28 19571
3 63544
32 3419
28 32677
14 7251
14 58302
1 174060
11 53907
18 52324
23 5927
3 91367
1 42459
9 45848
49 12862
38 13959
20 45553
94 3796
15 22331
14 24309
18 27297
81 4810
2 52211
17 44548
8 80258
8 20871
79 4262
11 26787
5 105872
17 28614
18 15599
38 1031
35 17071
8 61289
3 45969
3 36638
13 43430
40 5098
32 17153
43 1512
3 56583
6 17831
11 59426
12 8480
21 33442
5 32251
7 72334
11 37644
3 115715
19 37147
9 42383
8 30844
63 2393
1 55574
34 21816
17 46953
17 16370
14 37681
29 17527
18 15131
8 6287
55 5342
2 164979
20 35681
77 6080
46 18190
14 23931
11 37771
22 30017
9 4696
34 8624
32 1941
5 9119
4 98735
11 68872
33 9402
2 32293
94 2899
27 26088
64 4838
1 50271
12 5005
22 4959
11 19789
15 215
27 21808
5 76971
95 3968
54 13176
20 35262
91 518
1 13246
1 197861
4 91915
25 30749
56 8704
14 27748
4 76468
3 35970
12 17560
3 83739
66 7720
6 58147
7 43881
37 19527
49 9159
36 20443
25 21843
4 90855
139 768
34 845
14 13453
2 96070
72 3173
16 33129
17 33255
10 30495
2 148679
8 35929
19 47532
1 136158
8 53113
15 63384
1 2828
4 20978
109 2547
10 14967
37 1524
9 7482
2 161851
6 44007
2 154416
6 78778
50 6471
18 54808
7 102284
3 1875
21 29161
26 20960
44 7801
1 141366
6 30222
33 19643
10 40518
151 308
5 22739
5 71529
17 25642
2 13691
1 202955
8 77492
37 24423
3 118694
24 38502
12 49653
29 2338
8 86353
50 6817
11 15676
7 56914
61 8312
59 3493
2 31925
18 127
22 33448
2 56527
6 29663
36 11211
12 49853
65 3147
13 64392
30 19005
12 27784
29 31504
9 28957
3 6794
31 25497
1 104927
12 39566
32 14021
1 144513
28 17301
20 31563
11 48094
21 30157
21 7667
10 52622
4 86706
2 146800
10 18921
84 4509
1 88406
65 789
19 22488
44 9029
16 50293
15 62461
13 64183
28 30598
15 11550
35 1181
39 6551
20 10200
8 38392
14 61648
17 38945
22 44317
1 29677
10 57429
10 13438
12 6584
10 40656
14 30821
52 7915
15 45575
7 20248
15 1398
1 117343
4 80174
2 115577
4 25214
34 7088
5 18444
27 28786
74 369
3 40163
1 176746
1 113003
87 3299
9 14172
5 112813
19 2322
16 25337
33 23120
25 834
1 177409
31 19456
4 117302
1 30533
12 67260
1 9802
77 6251
43 16319
7 1553
1 13382
1 38743
5 120442
31 8558
58 5222
15 39130
10 64780
5 111428
11 41210
5 29098
50 12621
85 265
37 7716
13 3398
36 11779
2 88836
45 13021
2 103802
8 36534
2 133698
3 44246
17 50376
11 37750
47 3698
5 100045
21 16695
12 66464
9 33130
10 33654
10 30428
7 9203
10 4844
30 21511
42 9012
3 124635
30 5307
4 100688
2 127857
22 19158
22 40597
41 9682
25 13316
29 3617
4 45559
4 111116
17 29158
50 10625
1 25234
25 24581
67 145
10 5397
7 12623
44 13419
45 5791
15 13664
84 3080
74 5555
18 30944
59 9964
3 123747
15 9377
1 34004
3 115148
2 37905
20 38299
3 80036
3 30877
3 134672
18 38535
27 20462
40 4744
15 21521
27 26203
22 7238
4 33630
2 127938
2 164988
41 4732
9 53906
31 15470
5 79934
31 21626
11 3153
1 69427
25 15946
8 59014
5 3665
78 857
9 24550
1 149324
1 171435
44 768
14 41678
11 37769
42 15008
1 83831
11 65557
1 43800
34 3214
15 33989
74 297
72 1843
10 79974
48 15120
9 21432
14 20680
2 77310
20 33740
85 3093
2 60454
12 53335
1 36045
2 32284
2 127676
2 45560
39 6427
12 47782
6 86395
14 24907
6 88313
29 7668
29 3871
35 11336
143 334
7 78482
14 18073
2 151475
38 13341
1 28444
3 110789
17 9115
9 16927
2 165959
92 1740
6 101585
2 81624
8 51967
18 5424
6 93067
11 48857
11 24853
5 82775
17 42119
4 99063
12 16441
69 2871
15 13986
6 25156
40 17742
1 146583
1 165968
19 41034
31 14492
11 64714
3 85736
39 10161
33 7151
61 8418
17 6283
16 11758
21 20657
74 3164
8 61881
7 8471
11 65665
75 1071
3 14972
11 40441
1 188892
4 24125
45 1123
3 98568
32 1130
20 37153
14 48778
4 100249
8 59021
18 33624
11 21595
44 809
4 112185
20 43807
4 105961
7 80185
17 41099
18 21580
60 9795
14 5026
3 45139
32 24191
110 1981
3 4079
23 33943
2 124165
21 26124
8 64578
78 889
7 56143
1 45950
1 91107
46 16805
11 74375
14 22492
61 4411
11 78264
28 9717
13 65141
1 99254
6 74861
17 20523
36 6052
14 25462
1 182584
1 62242
64 5549
4 71970
4 14345
21 23582
1 40538
8 27053
99 830
13 7362
9 18707
27 13276
112 725
18 51578
6 46300
23 33101
5 91371
24 22611
36 6822
2 3565
1 10969
20 7092
22 12678
39 4429
73 603
1 198776
16 7936
18 10420
17 16591
1 190765
44 15572
6 88360
6 17296
3 98612
2 41954
5 59914
7 24987
68 5575
1 154690
9 51345
19 51420
3 112936
2 124679
17 16617
108 2197
1 29727
1 122114
24 31306
3 124738
66 7279
35 6366
29 28379
61 9121
3 144498
8 95753
15 48022
2 78566
21 27102
36 11899
10 2023
7 32059
8 41929
6 38373
87 1157
4 106718
13 10943
87 2576
29 19410
1 13268
49 2944
1 150493
5 40805
25 31781
56 11114
6 26154
1 188035
1 198658
9 62433
27 1259
16 45516
1 157112
76 4868
6 50537
7 3133
18 47792
60 8546
22 35490
1 26422
7 65977
16 8303
5 119991
23 16052
11 46751
59 10504
1 202961
3 17210
4 98382
16 24124
1 130555
37 17517
12 4666
10 33702
1 149075
19 32902
12 68307
10 58532
33 6493
20 28126
6 20274
85 650
1 206786
56 11246
1 131217
43 18614
23 31504
10 3979
5 71137
3 132778
14 35651
35 17342
30 1976
8 19384
93 342
7 77223
1 73920
42 14268
84 1234
3 7661
3 14962
1 24530
112 973
26 22609
3 12599
6 71759
32 1684
5 8151
8 5921
3 131375
6 35569
5 109568
21 41468
78 1850
11 15831
31 28856
1 159427
53 7499
60 4391
1 48825
10 57100
21 16967
4 97848
11 40966
15 22036
65 4947
1 137397
15 49267
1 99690
20 9067
4 37040
11 72950
23 15916
7 50167
55 11959
6 29099
10 431
2 146040
32 25820
4 43888
1 150082
64 6100
88 1375
1 126118
32 18836
128 1352
14 32935
1 188507
1 23266
6 30074
12 40078
17 29011
8 7334
80 6505
17 56264
81 3170
7 8319
20 48619
1 129243
5 69860
8 22203
3 136511
19 20759
1 119183
64 1379
8 22703
5 52480
22 34891
6 62322
1 172124
14 33231
11 65675
2 107673
6 58204
5 66554
1 77411
44 2087
1 118992
1 110569
22 22303
73 2011
10 71834
1 182564
1 203432
22 2121
3 22171
54 4524
2 145209
16 17570
3 95582
1 26773
7 75906
1 39519
38 20852
64 3301
3 82408
57 8232
106 2662
1 154673
2 57064
42 4809
50 15745
68 699
1 74853
58 1018
3 108888
71 7465
9 37030
46 15741
3 18757
12 39640
37 3761
10 33075
8 20991
2 157466
1 160384
37 12513
15 29411
79 3473
5 54770
1 136756
39 10402
84 5396
8 45013
4 19398
98 3028
1 2854
10 15178
12 54793
4 30335
9 839
1 162328
17 23918
17 16879
38 14486
2 6787
29 10843
1 132543
2 83078
1 118565
6 100670
13 8926
4 35789
54 7530
10 59612
137 474
13 2756
23 10681
8 37763
28 19406
27 11268
9 18651
8 45917
20 28633
8 45222
4 41854
14 65483
1 94894
2 23043
41 21155
13 7750
1 9381
1 24559
4 90494
10 24820
77 1429
59 11268
31 23290
2 22879
98 589
101 2255
21 24352
29 4662
1 88597
15 15772
25 12678
3 94529
1 101976
9 72134
23 7579
35 10841
1 108749
2 37455
34 17651
4 24133
20 44102
2 133748
5 55820
60 7449
24 14626
3 27643
20 49125
2 49558
42 10613
20 22193
11 1881
1 184160
19 13490
3 121325
6 39175
13 48565
11 42966
1 52580
3 51396
43 11346
36 4699
2 55186
3 94139
7 12788
19 33848
7 86320
23 15033
11 47728
5 15566
1 130425
62 2910
2 98088
38 16276
13 48132
73 6529
17 51971
50 14205
25 32541
23 27526
22 9110
21 32507
20 28501
1 77476
13 1674
16 30244
36 24108
42 17604
15 22613
10 13668
8 55832
7 65631
1 107125
59 4272
25 28845
10 3320
7 65349
26 22536
37 3392
3 36152
11 3801
13 53212
1 203314
25 36294
48 2982
8 10872
8 49392
39 14895
36 16007
45 9692
3 73030
45 2510
12 16037
16 28431
7 60166
7 13782
11 76062
15 2108
2 125206
28 5406
22 20906
83 1112
12 14536
135 217
36 8238
6 70089
1 22517
7 6464
7 100831
71 7912
14 19738
1 100625
11 71832
107 2873
90 946
7 63328
16 12678
43 14371
1 44307
7 73696
5 10367
40 9177
122 1525
12 24925
13 42364
18 25982
9 56669
41 4329
8 46711
14 38928
22 38844
21 3675
6 11162
28 13934
20 8809
10 55824
17 14901
31 9415
1 164087
1 11463
7 47084
3 109722
23 25375
15 36580
43 19325
5 84978
11 70537
6 70980
11 76170
14 59349
12 60568
17 31982
5 63254
4 60504
21 1236
1 103211
46 5341
23 8117
9 47039
51 4197
7 48106
2 89725
65 8865
4 1705
23 33910
1 83888
57 10850
41 1572
47 4388
109 2056
20 16515
71 3120
4 14619
57 8547
18 2895
73 558
42 17191
15 5555
6 85134
13 6192
5 19151
1 177480
45 18081
3 118316
44 2335
15 26770
28 7304
7 91398
2 100191
49 9153
75 7182
9 75627
21 10420
32 6250
12 63952
29 9774
1 44917
46 7948
36 21612
1 192756
29 19815
3 82408
1 91941
16 47482
20 43526
29 335
8 78686
4 121285
18 51805
13 3822
114 1497
21 27838
7 92106
31 25381
4 8343
47 2963
5 104075
2 78641
10 82070
41 13036
11 66086
87 2006
22 37891
1 103702
16 56614
7 45131
70 466
17 17678
23 2633
118 1512
47 15373
8 1655
31 12277
15 18482
28 23660
1 130346
1 121648
89 2558
1 169419
68 7887
49 9976
4 14285
17 336
42 8640
27 15901
28 9591
4 123519
23 19170
10 2076
154 251
9 10163
19 4193
21 13193
29 17167
49 16226
98 2960
11 9225
13 13445
1 146632
4 60440
5 49563
8 40805
7 15379
1 5380
72 4510
91 4641
59 1689
33 16116
37 10435
74 7717
1 175616
3 77742
1 61936
1 112272
23 38650
20 9394
4 91028
5 18069
2 99294
68 7085
81 1009
98 2832
16 16606
1 71846
12 29845
10 32926
8 41543
3 105798
5 74917
3 12908
1 138695
22 31964
2 33923
31 7463
23 42406
53 5353
124 482
12 24802
1 77179
38 10057
1 44171
11 31028
108 1615
2 79064
12 66063
19 43978
6 16278
30 6430
10 65432
33 359
22 18182
21 31413
32 10299
69 3398
19 40838
4 86514
11 67801
4 1368
84 3806
1 71907
35 22248
3 28184
16 11049
58 10691
105 708
1 2870
83 2476
10 30228
7 55970
18 10242
13 58586
11 15671
76 1307
5 22585
1 108567
9 59730
71 7701
7 34763
47 14821
23 9520
83 1723
45 5317
4 58407
95 3510
6 96147
3 71430
7 34946
8 16398
22 36320
14 13553
28 6539
3 12398
24 26961
70 932
17 247
1 74086
5 34824
15 57310
14 8872
10 4985
51 8299
29 31138
12 6449
9 43451
15 37416
13 44137
10 75430
40 18917
1 66019
13 463
3 72496
6 112612
1 152767
26 18540
1 75051
8 46970
41 17461
7 55101
11 8086
44 12293
71 2957
2 114310
46 3104
38 1466
15 46048
23 27155
82 2366
35 5259
3 135129
5 96393
2 51370
1 67709
71 1365
3 14348
4 61317
25 23595
30 7148
10 33055
37 6730
3 31527
2 124568
12 32999
5 35540
2 4265
32 17188
152 606
2 162412
14 49336
76 7242
22 4524
7 51392
1 40769
7 53033
58 8435
19 43127
1 160634
4 51847
9 36981
15 2230
57 633
1 186649
10 13021
2 150211
10 37128
6 59933
12 44787
7 87444
6 400
11 64890
21 17279
10 25083
40 4164
146 657
41 3242
33 19157
26 10260
20 7168
10 4318
6 4598
35 22527
34 25612
13 496
2 74128
4 74398
15 62244
54 4526
5 42354
68 5543
2 160101
29 2349
20 45189
7 92378
27 24349
1 128325
1 17030
44 18357
3 113398
62 11155
10 58180
1 180759
60 7672
13 35033
71 6250
16 19958
2 132291
30 18305
61 8583
33 3092
24 77
1 1039
3 29899
33 6687
2 22310
2 22521
14 3936
22 30994
25 16079
7 60576
10 54149
13 58298
10 11230
31 14476
28 29014
1 131063
3 81952
24 14487
3 75367
2 96651
18 2635
39 7966
63 3626
3 999
116 305
8 33337
6 82274
21 20259
57 1282
32 7844
19 15652
43 8469
6 72995
7 1589
1 164576
2 88067
5 119009
83 995
93 3006
10 29668
11 53894
13 61059
54 10422
19 7091
1 13867
55 2370
14 18462
30 10854
36 24743
19 47379
43 18333
1 142577
2 23474
25 17642
55 7265
2 126570
4 28618
20 22008
116 1111
1 90849
8 14013
3 19237
15 1873
10 68107
2 99648
22 44438
82 1218
48 11809
12 61636
104 2732
97 2822
86 902
2 6536
16 740
2 125697
42 6681
26 6755
5 73502
11 52624
7 99128
3 100000
29 8743
46 998
1 119658
9 36806
4 21975
3 85242
5 101317
19 3011
73 2783
12 39125
2 167848
16 58626
9 72648
2 45408
2 23029
117 221
8 68189
13 29965
56 2926
3 109304
3 71135
68 5738
25 24337
25 14501
11 37384
23 12335
62 2331
57 7115
8 91238
19 15155
1 130414
8 82361
2 54741
61 10667
1 90750
19 15568
66 890
7 11072
11 13199
4 97270
16 32543
21 30030
54 1749
119 812
59 1314
22 41330
1 65628
8 13100
3 29907
1 149977
1 70170
105 1894
2 31000
53 13402
8 19750
5 52439
7 97247
9 20177
59 12098
1 61784
15 39440
33 26133
88 2827
13 39856
15 54298
9 18654
2 139626
11 33573
3 124845
6 66558
1 207459
7 75359
6 47751
1 80044
63 9239
19 15099
16 51303
1 33160
4 124693
2 102638
27 25722
133 1155
1 122482
20 42821
2 22132
42 6025
1 81239
84 5115
77 554
4 23257
38 4507
44 16394
58 12099
4 7748
1 208124
32 7881
118 801
11 53757
45 3389
30 1450
46 11901
18 7391
5 48928
31 9343
13 21704
81 1651
1 170758
84 3406
18 36993
6 74595
16 50005
8 76277
60 2535
9 72181
51 2240
11 48484
27 23925
20 35442
13 6337
11 25464
20 35353
20 30470
58 3494
57 7925
47 13033
3 105382
4 105728
3 96301
11 37143
5 100251
59 1426
3 7816
9 25241
2 69504
50 1623
3 103953
57 4065
46 11011
1 117149
18 22701
35 3633
36 12500
28 31752
53 12018
34 14443
34 16814
26 6101
26 30602
84 476
17 49049
2 166654
1 109301
29 12547
9 3179
52 15003
21 22620
136 724
8 64160
22 29148
72 394
4 51055
108 1900
61 4413
18 15462
1 95083
81 463
6 19862
34 755
16 47929
5 85941
90 327
11 62832
3 98736
66 6677
6 107562
9 77884
16 51634
62 2820
6 78439
39 1155
10 50514
1 106127
2 78676
9 29442
9 22957
6 102876
4 126004
6 36329
12 53397
5 118742
53 14037
17 21845
2 63613
59 9056
2 103218
27 33859
17 16027
9 64942
16 2064
48 15364
21 22904
82 1816
1 161469
4 109758
13 20193
37 7054
32 26161
17 917
9 82414
61 11165
52 3845
17 14416
19 12955
71 6998
28 14963
41 9691
62 10243
7 95526
13 39590
36 15624
1 2810
1 53566
12 37543
1 10788
5 119690
72 3391
6 109718
116 840
1 87622
46 15599
32 4246
23 41960
103 3078
106 2446
29 16540
18 32683
20 26857
9 17506
16 4970
5 106538
3 142880
9 81435
10 26274
105 1049
1 145304
32 24823
50 12593
6 70331
67 5381
45 5166
76 5627
49 2923
54 6533
6 98473
8 40511
3 2741
2 156135
1 124889
25 2654
28 28048
45 13330
1 183402
7 22158
15 32905
55 1209
92 4577
42 4782
1 114077
28 1825
9 14424
22 9239
42 6898
3 28516
21 26466
14 59571
9 63729
3 126583
44 14441
15 15327
28 11012
55 1803
6 78270
77 1656
2 51388
4 9521
25 4908
7 7626
14 42694
74 6592
43 3010
13 69631
33 872
11 862
5 91397
93 1356
49 3490
72 5160
66 2002
16 22415
10 35513
13 31601
133 395
1 171076
5 76046
4 84149
9 74284
2 7930
43 1050
55 7715
37 18564
1 20415
1 84484
50 5448
4 20340
32 17837
7 5349
13 25198
16 47294
3 105154
54 11021
29 8789
14 56621
5 104956
3 142640
95 3035
94 1171
2 78604
84 1820
3 97187
27 10599
19 43912
2 46891
17 5285
7 21346
58 11491
5 301
3 91699
12 41183
17 1761
37 24127
27 11774
21 36528
7 38190
3 7729
19 45444
43 1769
107 890
49 1374
13 33929
5 109786
140 856
7 18207
17 42157
5 5113
69 402
17 20144
37 10410
1 185029
13 8779
99 2538
1 96468
26 6130
20 22588
45 817
9 83237
9 14156
8 53802
5 33063
12 50495
50 7594
67 2664
25 17608
27 6195
22 21945
14 13103
36 15442
18 24737
20 33384
146 412
9 75197
14 20447
5 104199
10 74926
10 17801
13 13950
25 24103
43 4958
93 1645
51 1941
3 117238
1 167934
26 33975
24 34881
2 139454
1 77858
9 26573
9 54777
27 15544
3 47764
4 45380
10 844
3 118332
55 2988
8 93868
45 4064
21 34510
20 40340
23 30472
47 3161
21 10019
69 3875
40 7340
101 1957
18 26200
1 46392
23 16864
48 16377
29 30110
4 84684
29 29205
14 27122
56 205
27 16925
1 112488
70 1765
50 15463
4 127785
1 194890
2 53880
33 1745
15 36955
50 5720
5 116759
7 2283
52 5236
90 3128
39 13324
8 14631
40 13807
7 43581
9 11615
2 142593
18 48844
21 1232
50 6395
17 28229
14 7781
24 22074
16 16912
23 42609
75 6351
18 18064
1 160310
27 11386
2 90310
10 45667
48 13000
39 11994
28 22056
56 6195
1 149941
8 7491
3 36330
11 32349
5 101388
4 80091
6 85907
8 79359
14 61253
1 170297
41 9099
32 19427
3 37533
49 11253
38 13003
1 68591
13 58623
23 15852
25 18527
19 2950
5 13409
5 111194
9 81262
66 3463
85 2482
7 37188
14 19778
3 109264
1 25247
12 24510
48 1779
17 8023
35 17851
16 27906
1 176896
2 12338
54 13108
8 64634
83 5279
21 4641
20 38042
1 29537
85 1303
31 8628
13 69387
22 5237
36 10363
1 186701
4 29005
42 1922
2 17153
6 39799
8 25277
1 26627
9 75889
3 245
7 92486
8 21735
47 17532
18 15475
8 8871
115 2142
2 61959
2 53011
16 4968
1 109555
75 4956
4 111457
1 106335
4 11864
77 6730
25 14453
4 31148
18 54583
3 87249
8 20574
40 14407
27 16647
22 24967
15 42041
34 5484
26 28873
3 32183
83 1297
12 67683
65 9045
1 27654
4 48748
2 35532
73 3594
20 30767
2 132742
34 16371
27 5125
10 8743
43 16955
60 6967
8 47525
23 28749
18 27484
1 16371
25 8641
10 60681
8 90949
30 16433
74 6300
9 17446
3 111543
44 3263
89 4471
79 6188
141 724
19 10581
1 137838
3 15988
15 29693
42 2303
32 8964
1 183638
25 8004
1 157564
17 44846
5 263
7 88647
53 2860
33 10326
10 78163
1 200086
1 54600
1 181830
1 111459
51 1703
9 67434
22 40241
26 15463
21 37735
2 59749
21 29205
14 7534
19 41361
12 19442
16 24573
19 37360
2 41017
9 23339
12 56928
35 21840
72 5645
28 9832
7 51921
5 64292
13 59699
6 80860
8 91074
97 2563
5 4671
18 25342
24 27586
7 55680
98 661
24 20767
19 50934
24 3000
5 28491
12 17952
23 7914
1 42793
39 18635
1 175075
27 27591
154 258
4 15065
18 20920
1 8479
6 10466
3 28900
14 40104
44 2075
16 53046
49 2115
1 141255
1 205650
10 18979
23 10445
29 17120
1 51578
151 549
25 28028
38 1333
2 87380
11 55801
1 165913
78 822
55 5340
9 27552
7 44837
1 23150
26 18081
3 83235
9 53699
1 134973
16 9456
2 56834
3 45335
2 219
1 25092
67 118
11 58054
20 3621
3 112453
8 66701
49 16011
74 6410
1 6657
25 3398
20 17648
12 57899
5 45140
2 102651
9 33494
18 51188
3 133560
1 165111
1 61441
4 80501
1 6652
23 19532
91 3895
24 32941
18 2396
22 14005
41 15325
4 42641
25 6306
9 72110
3 44260
78 1935
8 6597
16 45334
28 22619
100 3022
16 822
68 1475
116 1107
4 27304
31 11004
1 124083
30 18559
17 35058
33 18463
66 323
5 7076
1 165900
12 38755
10 52545
7 40053
17 31929
3 68023
49 3474
39 6181
55 3246
17 13322
1 173338
61 1889
37 1135
40 15468
44 13213
23 38744
91 3973
13 25983
94 1600
11 18529
8 79977
90 1365
140 401
14 38489
8 33151
85 4837
3 81972
22 11095
16 43294
54 1411
66 4371
11 75989
4 28838
7 1563
6 13796
4 26545
2 122695
36 13831
4 130743
6 73375
18 22391
39 13033
19 46176
2 85208
28 16872
10 12994
6 59456
2 61033
3 76757
84 1206
53 8746
38 20971
1 75424
2 81869
1 118077
6 54737
30 13343
5 23647
9 7334
83 1073
38 23027
4 40719
124 398
30 10271
23 9536
10 59333
24 5790
11 67530
13 46549
6 44865
12 20916
4 93085
47 897
29 23632
82 1074
3 95295
6 88510
2 69629
1 8903
5 94050
64 4291
9 64628
52 12723
14 39339
9 78037
1 139573
14 63282
15 26642
58 8975
62 4980
7 53269
10 33003
172 210
1 155650
18 52192
4 68586
8 13354
28 13875
25 28000
9 30725
8 26115
1 198471
10 37973
97 297
37 11734
3 82607
3 86064
9 67474
107 701
5 43792
13 63849
46 8217
26 12172
1 164637
11 26086
15 13849
1 182504
14 34973
55 3981
7 83497
1 153531
21 33800
3 66633
17 17671
2 38388
63 4437
27 19608
10 60138
9 16544
139 513
48 512
4 7436
1 175440
1 5500
2 170868
127 434
3 10833
29 16783
8 94213
14 10916
3 34522
15 49935
5 20546
4 108638
17 25784
7 77859
27 6510
106 1324
88 3879
42 13947
105 2856
4 43455
8 62353
22 41015
29 18162
50 14289
23 41769
10 37470
2 168312
7 13999
3 114565
14 42897
24 8538
25 14860
67 4074
18 45253
31 13557
1 169339
67 4444
52 8851
46 16975
19 34962
10 610
3 129958
61 11536
6 44309
2 128461
2 30084
1 92071
1 35932
38 15721
2 73600
24 22589
14 44127
18 52528
32 11927
1 113487
23 26471
37 23583
81 2172
16 33680
5 77924
27 12514
16 47319
8 95737
6 38206
6 49004
3 112132
42 14707
14 1806
1 93922
4 19780
2 161758
2 39948
10 45425
1 137006
101 1557
5 87464
1 43670
1 13315
43 476
2 133981
15 20534
20 106
2 121726
1 89739
116 564
3 10669
9 46816
29 25086
43 16106
21 28085
3 105493
18 12109
12 5440
2 118216
4 34496
26 17197
34 19210
6 74478
26 36793
4 61881
7 31266
67 6531
1 192556
2 144910
8 41297
40 9930
5 113369
33 2571
5 18453
1 98100
2 152277
37 4696
9 61732
1 145983
5 48976
36 11926
14 53443
57 4909
26 28300
74 6574
1 207557
3 79111
3 22859
11 45837
44 8210
10 65260
1 1076
53 11642
5 22363
20 45971
38 22370
17 22455
6 51164
10 32578
6 6321
31 25696
14 56497
88 2771
92 3603
10 17557
2 126531
31 17741
76 4660
25 79
25 17693
6 77012
13 41661
8 25651
2 128259
108 2693
21 19136
7 86305
15 37907
18 8206
1 66593
101 179
7 5899
13 151
6 39060
11 2690
29 1460
18 44009
64 696
3 125332
112 1041
37 10579
78 3165
39 15953
4 66183
22 23903
8 7776
8 81111
9 72912
2 43557
47 17024
2 64630
126 1540
17 31806
5 82749
2 32699
19 38418
1 168768
1 8039
82 3717
40 8627
43 5983
6 109362
2 120883
1 178267
91 791
6 62741
1 205645
131 178
11 75451
107 1825
15 3814
16 16530
18 9281
19 39986
61 10011
3 117990
6 102636
31 11881
63 2406
55 1093
1 684
1 150468
20 9267
39 8577
6 45288
27 9258
8 7445
10 50282
58 2496
4 105340
1 125385
30 10509
7 69446
26 9990
53 416
24 22102
40 14617
73 3796
14 9946
12 20456
26 35598
4 130700
7 99062
4 21888
77 5054
1 12755
16 8043
1 19427
42 11465
23 2479
73 3515
15 11605
29 12507
14 17835
35 25753
39 1766
7 11518
6 75555
3 77169
6 110498
36 2268
78 567
6 44155
41 21235
11 6597
50 6801
7 79773
83 2771
3 113223
56 2184
64 7935
10 8284
70 1180
16 56438
4 81958
47 6144
15 48608
14 58695
12 47862
5 27438
4 112543
5 13401
21 389
37 14666
5 116971
2 70370
4 15688
79 1646
10 6898
23 19629
1 77890
28 1793
5 11196
8 23077
6 13318
55 1340
85 786
1 145693
72 4338
27 8906
24 31518
22 14885
7 29206
5 91820
3 3555
17 8375
53 7440
2 16635
1 92896
5 5590
3 108963
3 74778
63 6373
21 11464
126 892
43 11053
15 28295
21 1330
22 25027
14 32406
91 584
109 503
1 50628
20 43547
59 12049
3 33550
26 31310
85 447
2 8519
14 26486
18 11192
22 7897
44 5614
3 76259
13 8102
76 5719
38 21693
1 159822
17 10059
6 49601
1 191002
6 59892
8 35739
45 11878
4 89317
3 117462
21 33263
4 1355
2 169122
12 8553
1 71303
18 27035
94 879
2 169381
3 88333
2 124385
28 16978
22 2113
2 5974
2 58761
3 127481
8 56866
1 59213
44 18447
81 4125
27 5327
2 1001
34 21621
1 136044
17 44387
4 50863
18 16486
25 24943
43 5134
3 7537
9 11784
6 16312
2 71523
4 49619
15 6654
1 22023
79 1895
13 36266
42 15339
3 137080
15 46295
3 109805
27 29363
5 7990
26 3297
32 4881
8 60072
12 69227
36 13979
1 32644
27 3345
35 5447
41 14534
9 10360
9 53696
36 11239
13 12237
3 136288
34 17317
3 11797
10 27358
8 90294
3 103341
9 6746
18 48916
22 20430
2 160940
13 68245
30 30453
9 13318
1 10122
2 66939
10 34470
55 10101
42 19545
20 26103
74 3994
23 30459
44 1710
4 57901
1 22946
1 66181
3 106069
5 26857
14 48867
24 26672
60 10284
7 30268
70 5484
14 14465
55 4451
30 8632
129 438
31 14795
17 20967
3 57972
5 85585
12 1402
6 103456
8 61063
5 16387
10 14055
79 1584
31 10690
35 15016
13 68927
13 22182
3 68758
13 19828
14 8818
45 7021
17 79
4 38468
12 18767
24 28103
10 20009
77 6300
22 31766
6 70878
53 2581
37 5980
52 4251
3 9001
1 102247
11 63284
6 50322
1 84608
11 45218
10 8441
22 29375
19 43681
32 11391
5 31057
15 16329
16 55595
3 14939
41 21400
1 139756
12 50736
1 66994
90 1062
5 22573
57 3881
11 30973
27 17722
12 19494
8 96560
69 5646
10 33061
12 1609
27 24953
76 3243
15 32008
3 73315
20 5938
61 10549
9 55713
7 47984
27 23386
55 13234
81 621
10 8321
21 19154
3 5796
1 158004
4 90880
3 102193
26 23575
1 135391
5 54396
23 7718
35 14428
3 26972
134 562
10 60780
14 29976
60 11360
43 10249
12 29475
165 190
1 174126
7 29221
18 32937
5 79391
73 3244
29 27965
9 84573
13 23781
18 46575
14 7144
9 43150
3 21081
1 18421
4 48496
17 45989
31 6382
82 1617
3 53020
61 6008
8 3867
78 3856
1 178626
5 38127
5 110002
35 1204
14 37479
52 8584
123 822
31 18002
107 2287
61 9659
24 33879
24 28063
4 125981
42 13926
2 99070
39 19024
78 2804
25 4877
16 57388
7 35548
33 236
108 1701
7 54484
42 1170
2 72586
6 31064
15 34342
8 26557
3 72120
1 137292
18 31747
28 19608
10 38300
2 62295
8 42084
2 101056
29 3809
3 82574
51 4432
6 21045
1 21912
1 175630
5 84405
96 3680
5 10210
4 98369
2 120592
61 7693
29 26428
107 573
4 17152
11 39971
66 371
17 23735
16 55995
10 79701
77 1035
62 2074
15 29563
1 154794
20 29662
28 22870
14 13262
48 16179
18 40734
156 327
2 29349
10 83090
95 1391
69 5570
59 4466
69 3558
4 83354
1 55300
14 61135
21 13841
104 920
53 189
1 149943
69 6615
25 5212
54 10639
62 3366
57 12319
39 5360
1 93950
39 5421
20 39610
2 68471
24 4846
77 583
11 45333
10 9984
5 34764
7 29637
1 195509
157 429
40 13405
1 165162
61 8929
43 11152
59 466
18 41655
2 149053
5 19140
8 40262
80 4866
39 17966
64 9810
37 13037
11 76104
6 78859
37 15528
14 41846
14 59287
5 84438
25 29150
52 8943
89 2691
3 141265
21 44397
3 74727
17 44031
1 118708
42 19388
23 19479
15 25390
31 26888
6 98168
32 20584
45 14087
3 17625
49 6995
1 52313
10 8684
15 20754
13 43693
2 128147
23 21998
19 30083
53 6643
2 93
7 71417
85 3493
5 78978
12 13789
4 18905
8 70660
77 1054
5 31663
34 26349
13 6574
14 54399
5 109258
1 56882
16 5139
42 7329
10 16737
137 167
28 10341
70 6727
83 5319
1 116042
2 17358
1 63032
1 185356
4 111323
9 18805
2 78170
48 10959
23 17363
1 27789
76 3722
3 20940
1 13575
1 201093
72 5255
6 11367
6 20285
65 7449
21 45723
3 100015
2 102363
21 47034
33 2110
2 62505
13 65776
8 95881
11 36444
8 75760
2 128045
12 41321
23 28637
8 55963
7 105388
4 103262
3 107198
6 15353
3 142180
1 68322
16 31941
17 39693
79 3094
47 8978
2 47756
18 23149
7 23712
16 12356
8 94760
67 1240
42 6535
1 189923
46 3670
6 111695
42 9580
13 70076
7 50483
37 14047
1 168354
27 10218
12 33528
38 14831
1 120881
5 72497
51 13261
6 43628
37 22749
26 11866
1 152673
30 18858
19 24428
91 2407
16 49948
59 5456
32 18317
76 2594
12 26820
1 160726
2 56125
12 67359
20 47832
26 3938
1 185068
7 84484
11 47212
18 17286
32 11936
3 94282
39 8511
14 54465
49 1773
41 1251
24 16515
13 7058
24 5975
25 27909
21 5764
23 26601
6 70297
7 7496
35 24320
3 132555
67 6138
56 9728
8 45188
5 118984
4 49325
97 1923
35 20154
48 11393
95 1553
3 137536
37 8653
1 99110
3 57039
13 3618
40 19547
4 51793
7 32394
2 113849
1 73058
2 72265
2 164780
1 134087
7 54100
12 48485
56 8062
19 36207
4 36871
6 74452
16 18979
1 9007
2 7660
6 30495
28 10607
5 18990
2 61261
4 39145
5 83919
24 8523
6 108443
40 6213
38 18716
6 87883
6 41680
38 2744
9 32536
3 106454
20 42179
8 52963
9 52494
27 18569
23 15744
22 38547
67 8077
9 21690
82 3025
10 24946
52 1754
10 54343
9 69058
42 18679
4 8880
5 112501
7 88985
4 112214
17 57197
5 75990
44 12173
11 45875
14 25582
1 32907
62 4654
9 15255
16 10067
6 76363
1 195641
1 151108
2 162146
4 43848
3 1296
1 145342
54 2703
86 937
24 13819
49 15385
1 170521
116 1486
4 80108
31 7723
27 10643
21 15002
17 8390
15 58616
8 48198
6 88701
24 26321
121 1501
37 16088
27 6569
57 10005
1 87994
11 8641
16 13506
22 39788
18 52991
48 8575
26 14495
17 10716
4 83323
3 74528
2 110506
22 3017
9 17365
29 7673
42 14357
2 74846
32 12884
3 45295
95 179
54 13179
58 6808
30 8178
12 25784
2 40029
6 47453
36 15588
28 15026
4 25680
1 144835
39 18795
26 6649
9 29729
13 20931
7 76357
18 40243
51 9481
8 73295
1 95594
118 2059
1 48152
55 2273
6 53231
44 12654
17 34225
40 6330
28 28570
22 1976
30 7023
35 2016
3 39627
10 65318
2 6314
17 33972
1 197013
3 118457
8 83254
39 5612
1 72634
29 14717
67 6850
5 13740
19 40077
18 19733
6 75454
78 6306
14 19897
15 37915
3 128492
17 51685
2 169240
13 62802
13 39028
1 70991
33 25497
34 8682
21 11573
2 31200
42 271
1 45232
1 18228
44 558
66 3186
3 121217
32 5548
28 15584
62 5115
79 2818
2 48193
78 2604
31 25164
4 88799
59 10464
34 17615
2 32950
31 20987
8 92775
2 76414
29 22852
6 82102
1 122952
3 99091
8 33071
12 321
1 10173
48 9830
24 8570
12 36958
88 3344
21 8959
35 63
23 1187
16 4652
30 14039
7 11166
3 39092
2 97951
15 39855
11 41328
5 60891
14 9203
10 24110
2 168414
34 20141
14 5469
38 17273
7 58641
5 96518
68 533
3 51062
62 6623
58 9181
52 14700
18 52017
23 24779
6 48291
3 32740
2 131945
5 75870
1 52861
13 41141
7 9505
26 18675
28 2664
138 907
2 59600
3 14966
13 11763
131 688
62 2743
36 5560
6 78499
6 55644
7 63544
1 74467
1 40751
5 68758
23 31893
3 572
4 60204
20 44174
7 75149
1 164419
3 114415
1 79891
38 1492
15 32370
80 462
17 53695
6 62890
16 13819
1 192213
79 4854
66 6863
13 22103
10 15508
28 26229
6 109523
59 3087
5 44180
14 16928
39 17743
13 66988
78 5463
67 592
32 27752
1 160639
33 17239
17 52788
11 28069
48 902
2 76317
17 46407
1 51467
1 92800
16 15719
33 3637
25 4989
16 11534
29 24274
5 42825
31 7907
2 133314
15 13427
12 24017
19 10424
52 1496
34 18169
106 1277
73 6880
25 4888
11 76224
17 46897
6 64465
1 170244
22 4615
6 48087
14 28915
23 12714
6 16974
1 8048
20 33569
1 63833
33 10042
4 82169
8 67678
6 63473
30 28773
3 129768
95 3762
16 22225
18 23022
10 76433
57 8470
18 54790
1 36846
11 27711
33 9044
5 4759
12 73253
4 81098
31 5255
64 8466
2 85624
3 22649
47 885
20 13572
11 78029
49 11249
1 200473
4 444
1 66353
13 65195
35 9195
15 18288
20 43230
2 49055
23 7614
49 16372
10 70913
23 5630
18 24385
11 64190
1 177440
10 59018
17 48057
9 10792
54 8846
5 32400
10 38957
3 30670
3 132275
6 1338
17 55350
1 20957
3 101361
20 47388
1 179859
14 66214
17 53628
21 23328
13 14930
10 48625
19 8710
59 5617
4 35048
2 126706
5 62643
3 39371
20 20020
15 24637
26 33878
1 13572
25 28471
36 11808
1 167419
138 646
5 11608
6 36496
5 59990
1 144479
3 111822
3 142331
2 13767
38 6448
42 6292
8 64348
3 82823
10 50692
12 16398
80 2603
4 30842
3 34109
11 26361
75 6092
25 5521
52 12624
20 25996
4 66788
27 34478
20 49017
39 3830
31 19999
97 2092
8 34308
16 46996
22 4540
51 12568
9 23486
8 1563
24 11109
2 131977
12 28582
24 38273
19 20547
3 86003
41 6983
7 14908
2 148837
2 157897
6 11101
28 4402
107 2668
12 58196
60 9557
1 10218
33 8460
4 94071
1 194377
5 101342
12 38621
1 202564
7 43151
4 59945
81 5435
2 130988
55 13881
2 140480
8 50148
4 59707
1 20799
15 3568
29 2425
5 110896
10 49114
28 10616
14 4594
1 200339
10 57956
14 34163
60 6393
21 13756
4 69801
57 4585
11 54168
6 5218
2 10863
12 49451
45 55
2 110617
68 3534
7 4452
6 44820
82 917
43 1366
13 57144
3 109206
4 19807
48 5384
32 21119
7 9202
49 14990
10 46551
9 64258
7 65127
35 4826
1 21225
9 19617
2 93546
96 709
43 9228
31 13769
68 2817
19 44736
19 21567
8 77180
56 10229
2 15939
37 18182
46 11500
56 10479
16 48096
19 2380
48 12823
8 11406
17 21104
38 5592
2 67230
1 132190
6 11463
10 63565
14 21387
10 10613
17 39419
16 54752
25 6584
3 70284
4 64507
7 32734
4 97419
12 24650
51 3968
6 103279
8 31046
6 49454
13 3595
2 152757
4 83122
5 60810
3 95878
15 27299
6 81400
35 2186
5 57646
7 60843
21 8713
11 75573
73 6793
7 73803
7 93899
34 3647
51 13177
6 49836
13 34879
9 58936
10 776
1 106287
14 11779
28 9090
17 17920
21 34873
4 105715
2 126442
43 4346
1 168357
74 1756
12 51548
30 1385
4 99999
50 11134
85 1395
10 47412
1 922
14 26803
15 287
22 8843
33 10512
5 62025
5 55951
29 4051
25 10146
28 14691
109 2542
6 53536
20 20865
38 2560
14 60337
12 49674
15 8682
43 6711
71 5513
2 28536
123 1592
4 123096
1 132945
3 36477
1 19578
10 74493
7 73607
7 22010
20 11560
2 50240
4 48892
3 90016
1 60503
1 21829
4 36241
6 108666
5 45266
2 82186
33 22874
55 6217
12 67439
39 20285
1 113166
13 52503
4 70684
4 11858
74 3173
13 67020
5 31669
1 47110
54 1681
46 8501
13 61320
1 167495
12 5403
11 24298
57 5094
109 551
183 189
4 65137
1 76913
93 1324
59 10778
11 4629
94 4191
19 29999
16 48778
35 12954
50 14063
51 4026
99 924
1 67620
15 48931
2 69377
11 14376
2 138182
9 10778
20 18418
9 65260
11 10117
33 7574
51 7593
23 24595
3 26443
135 691
9 28544
9 5998
25 3995
14 7969
97 1611
122 451
25 29314
4 74797
65 3345
7 66515
166 254
17 56127
11 23094
1 108087
24 430
11 4221
55 6884
1 159258
1 124940
9 33760
19 4404
19 14198
7 93585
53 11571
136 885
43 676
16 60258
36 4513
114 1025
1 89520
34 3908
19 33420
9 9098
39 5917
48 13764
3 26132
4 85378
59 3395
7 19957
6 12998
32 5127
1 87422
8 24896
29 4182
15 53994
2 127615
1 60040
2 95892
5 44772
16 3107
4 121194
2 89247
2 73531
3 72364
1 57000
3 125284
8 65855
138 584
12 40674
3 45617
84 667
21 46486
6 18642
34 7856
4 40965
1 81491
5 110002
19 39821
51 7000
1 107081
1 9623
30 15540
2 1874
46 5861
3 112191
5 111186
11 78231
2 100581
24 26016
17 12829
23 28465
38 22407
17 28234
9 78163
3 117239
15 59398
10 37795
42 11627
43 18095
71 4323
6 93901
37 10181
72 4337
25 13299
7 43827
3 58346
10 9434
3 1904
79 6057
1 127159
9 18781
25 34811
24 37325
25 6970
39 512
11 72519
12 11999
9 2036
45 13926
41 16643
4 112347
53 324
2 127396
32 18768
4 45666
1 39671
72 5573
22 24752
64 7173
35 22061
68 5521
6 36194
50 8911
8 57437
33 22652
31 16604
5 120311
9 19604
12 27860
1 29831
27 32536
28 11264
25 34020
5 28826
23 25352
31 21099
6 35456
1 76097
1 31502
1 83561
5 98537
51 523
70 2406
32 14514
70 1421
16 22609
3 4490
12 10262
9 89729
10 13984
39 11854
61 11564
29 4345
59 4904
2 96983
5 67600
7 14838
15 14834
18 9345
58 8195
40 17432
5 6041
70 6050
26 31583
40 18149
50 5479
79 2549
11 49355
1 196040
43 94
13 17436
1 201456
49 14377
1 182044
29 26272
39 7332
37 16535
15 35156
48 15418
43 2327
10 6697
24 12440
43 16637
44 12273
109 1710
4 47221
36 10136
1 14050
4 63601
41 10116
75 3649
2 138843
2 42900
8 92105
63 615
23 6114
68 1433
4 95338
1 64728
25 24274
1 141979
15 40705
12 49323
51 569
9 20220
40 3297
2 66554
6 3970
7 69621
8 46386
17 6431
119 506
34 26592
84 5278
3 19362
1 71530
5 118649
2 130224
30 11093
63 3047
21 28180
58 4834
35 14034
14 36309
54 1680
8 11665
105 1695
3 71902
9 33429
23 36214
21 37216
1 68337
6 28200
18 1968
47 7054
12 16368
77 6014
10 56367
26 34871
10 51714
2 14792
19 41939
43 18675
14 17141
1 116709
19 5700
59 6277
8 35435
181 212
2 128162
1 26183
5 103492
9 21808
16 34638
15 42200
9 89275
19 44712
16 59436
54 4995
1 188917
58 7177
71 4017
7 76587
28 19907
42 7828
12 1738
35 3822
1 88888
24 27178
2 124940
24 39540
6 102194
31 22821
3 17780
5 11598
67 6698
3 58107
107 817
49 8087
1 196672
23 42486
94 1380
5 53510
30 6548
25 1940
4 58596
91 1318
9 29751
30 21482
27 32553
4 120678
2 111183
5 104870
151 653
9 40151
33 7195
58 5053
44 1387
8 9690
3 138142
9 28633
34 19520
86 3981
23 2824
92 1742
11 27384
10 16215
62 2498
1 184528
4 116979
23 23052
12 42257
43 11629
37 2084
20 43798
19 22854
5 79820
73 4953
1 196487
1 25710
32 12796
69 2144
10 61269
18 53352
69 8880
108 1506
2 91972
53 14784
1 72239
29 29983
1 55641
19 19086
24 38086
5 71528
5 6117
88 4841
10 30152
8 55390
29 18427
1 184745
4 54204
4 10717
52 3963
1 35487
72 3639
57 10690
4 29851
45 4692
11 56297
19 24527
1 205625
1 52709
30 17675
6 18747
25 8820
2 66062
29 17727
23 4921
2 168614
25 24978
23 8717
38 5581
37 7344
29 6038
6 103543
6 108966
17 23510
2 93365
2 82712
15 44116
11 55412
2 39636
3 75073
40 5424
49 13569
9 51267
78 4438
1 59647
60 2025
13 54622
85 3390
8 60832
24 26901
8 11769
1 45947
18 10044
10 56388
13 50570
42 2165
4 68085
14 66621
17 54241
14 19134
19 47963
46 14438
1 1017
15 47887
14 1132
1 180850
32 9928
4 100593
63 307
7 4954
9 52242
4 98806
7 63285
1 29594
1 204770
15 50846
84 687
1 158055
2 7221
46 1863
1 150260
2 165810
37 10363
31 4987
5 24073
12 38971
32 2800
70 3023
1 12061
1 170661
23 11386
5 71099
7 22671
91 1899
3 103228
1 173369
14 54371
54 1449
53 11146
23 2237
11 55355
25 7405
2 152935
1 119732
5 33210
14 47068
20 6638
137 291
65 5614
13 37724
20 6794
27 24813
26 30
51 3590
64 4901
17 34706
4 110125
20 29693
34 20993
52 13589
8 77734
6 62463
19 30005
22 44039
1 111476
22 28635
37 22114
24 33450
116 1270
16 56684
1 103879
55 11086
34 23161
1 34334
9 10260
84 1455
58 4454
6 39654
6 19663
43 13468
1 146718
123 1262
99 3629
17 32161
29 23556
69 176
6 99371
22 11216
22 11105
27 24885
17 30061
21 11609
11 19230
19 20696
17 15495
22 9120
36 1708
16 9806
17 48371
11 19287
78 5585
19 13283
2 117643
27 11745
10 68801
1 43138
2 116662
5 32184
16 6922
45 1403
39 5545
1 194770
4 114377
27 9706
6 21296
55 8033
34 23714
2 148339
8 34600
13 26672
32 3034
8 1261
4 78793
9 32985
39 3345
7 93054
10 33657
24 24053
1 158383
31 14983
33 19512
11 3527
25 31930
56 6602
29 26363
1 61805
5 95825
49 13904
53 14568
25 11327
1 70354
3 29814
43 18585
1 28440
7 75455
4 7718
8 16993
1 188162
55 13436
8 519
4 82351
9 357
23 33958
69 1250
1 117340
17 9150
102 2330
15 59643
2 89736
17 51812
1 91074
41 13179
1 47292
3 48772
3 66389
7 74161
61 6098
15 59484
14 61970
31 20244
56 7591
2 26189
22 21989
2 69088
99 1595
5 4373
4 71344
13 25416
21 18711
1 56529
3 70296
30 13614
22 26888
2 125660
100 1508
14 53849
1 94566
27 2050
65 8320
80 2701
78 5385
3 77752
7 63243
16 42198
36 16734
29 633
51 14753
3 93294
5 80897
27 9573
1 119002
19 40546
22 4597
45 9154
7 16385
7 35214
6 2738
11 39979
5 16560
3 3033
43 15315
62 6024
50 13988
1 154935
54 10057
59 12160
13 39309
1 108287
41 9807
28 138
49 1370
14 19555
3 85389
24 33758
38 4737
2 144848
17 40318
1 200962
3 90508
81 5410
11 60045
72 2632
44 3838
49 979
67 8798
3 52749
16 142
33 11773
5 86823
28 11107
38 12392
46 426
4 122557
53 504
3 84415
32 28298
1 192547
3 54011
43 12595
10 74554
51 14941
8 41066
11 906
5 13881
1 9939
1 101723
10 67652
57 628
1 207960
17 34955
14 15994
60 5380
3 26590
4 52895
15 56034
4 87112
31 14347
8 52914
127 639
17 9782
1 142701
16 52473
7 28325
38 10225
17 44059
43 11979
17 29182
18 17650
109 171
8 84001
2 61844
4 45720
4 17081
30 20690
6 28113
18 32684
9 55672
1 46781
55 2339
101 1889
7 85016
25 4930
105 2068
4 294
6 38766
1 109158
18 30126
56 12565
6 109312
67 7006
18 14523
29 17866
1 6860
1 22466
5 91465
23 11046
11 34827
1 57180
36 2149
1 114831
1 72549
6 10206
1 185423
14 25265
53 7758
15 1913
12 25371
4 55381
16 23775
60 11215
1 22359
3 119413
3 16203
10 27241
1 185204
26 18002
14 58850
2 33094
4 16584
15 37756
11 52350
4 115043
5 25789
30 28304
8 33551
8 7232
53 5708
6 53793
2 166102
14 29678
68 6767
19 35679
3 41067
13 57317
1 36686
52 7832
3 45349
58 7100
75 524
1 20410
20 10429
19 2226
23 25266
54 13255
7 80654
49 9671
1 31871
1 83236
3 85623
11 48376
1 78302
10 55891
3 88623
12 10087
38 17389
36 20813
86 1992
14 45187
46 9888
33 22037
1 2800
1 79258
101 2555
7 30622
1 111237
23 39255
82 5795
32 18824
83 5143
39 482
17 21917
36 18241
30 5300
23 21455
36 8777
11 43393
3 63272
28 733
17 3074
1 2848
13 41270
30 22995
8 39397
4 4026
22 43957
18 19964
1 177043
7 79119
13 45376
54 11636
5 14138
3 116446
2 81164
49 9680
24 1632
4 10548
39 15395
42 17182
2 164794
8 78633
12 72603
1 62435
5 51260
16 9520
2 49560
12 59043
12 60330
1 70498
64 8081
87 3327
4 122560
15 26673
22 13490
4 116743
7 36983
1 53833
16 23992
43 10270
35 21286
19 11465
13 24769
8 27308
81 1257
6 61115
1 67337
24 20493
1 83653
117 1354
111 2052
28 7427
88 3019
11 18863
1 129081
12 11639
1 201225
13 49148
9 38973
1 134633
2 91825
22 565
19 44999
31 7562
9 31822
4 73245
2 150145
11 75084
3 46922
23 25857
4 67042
3 62412
24 7417
3 22334
17 8293
57 1559
1 951
3 131793
8 80819
25 20499
4 10328
15 17832
1 12324
181 211
8 67070
2 27098
100 445
16 11296
12 22496
12 71603
4 19637
55 8679
79 1603
42 2297
23 28479
73 2980
37 966
11 74806
8 88494
14 20024
23 2650
6 46841
39 7369
2 99489
7 99064
18 8642
10 32967
17 22722
2 5082
2 167758
2 162488
14 21555
15 56716
65 6166
12 66681
18 39778
57 2580
5 116772
132 1013
4 97957
37 15867
37 23728
3 3171
17 31485
30 25858
6 101691
6 56618
1 7773
9 12945
41 3116
18 9448
2 45376
5 114602
13 21426
25 7514
13 32205
14 14844
42 6868
46 9847
26 22311
6 41397
24 40333
76 2831
73 1610
23 11178
10 67003
117 692
13 2147
5 87315
1 55468
5 12325
1 34070
2 88526
14 61721
24 17469
1 180578
35 15609
2 135696
28 23800
11 17730
4 133455
51 13702
7 59828
2 155781
2 46037
35 17158
148 631
4 84171
59 2687
8 84583
86 3464
2 60293
25 9153
2 20927
14 6518
55 11472
72 4030
23 32678
7 3816
27 28820
4 99206
14 6093
19 5720
15 59005
6 3332
2 131778
11 11548
1 115001
2 40788
5 87378
89 3702
32 11587
3 65958
20 26626
4 69160
71 3568
57 5607
35 219
5 114615
1 92171
31 13636
3 89453
10 50020
58 4322
5 17609
6 106736
3 112860
5 7771
1 25931
4 133313
19 965
36 13957
53 1243
16 45636
39 5508
12 23382
32 13974
29 2176
11 57846
1 162964
112 1321
14 22599
7 19362
5 40748
12 10825
2 41779
23 35280
78 6075
17 9508
8 85770
13 28220
1 96491
115 943
28 26407
23 6743
18 34885
11 76815
1 181572
3 5675
21 18941
116 1998
2 136468
8 30902
7 100728
73 4659
1 12068
36 14525
25 17884
12 68470
102 3252
3 62020
1 123589
16 12756
18 2987
13 57306
1 187612
9 88572
17 8466
11 11881
64 170
15 17720
5 87990
9 52614
2 161423
11 61453
20 47546
13 25862
65 1816
6 97991
1 194662
2 162295
100 1549
32 20163
8 28103
8 96865
5 21546
107 1906
1 11772
25 34037
51 4715
37 15004
15 26371
18 8147
6 46700
27 9854
19 16293
9 64023
41 6402
8 57505
24 18911
53 9355
5 69096
46 4556
8 35402
42 1427
1 3234
2 164181
7 80040
11 7508
16 40980
3 14792
9 46754
14 63965
3 81513
5 51288
22 38797
37 23913
105 1236
2 80457
6 93398
67 1552
2 63984
13 32269
71 1670
6 44492
2 27255
60 10159
11 73622
19 43477
102 3296
91 3414
4 28150
22 17288
64 2304
3 112493
39 6404
29 23520
12 62955
64 3796
2 166098
8 64156
16 42802
24 25974
11 33669
4 87627
30 10303
8 68787
35 10427
6 96436
38 22234
18 40907
23 18454
11 8149
2 24523
109 2354
73 7507
95 3199
3 54733
36 10893
13 24342
12 37059
25 30540
7 84316
22 40691
8 39909
26 17235
9 68349
11 31337
24 28289
15 23648
5 86779
3 47134
46 3211
6 32607
26 27191
41 12507
5 84940
1 71204
12 46819
38 53
36 11072
6 36450
1 156131
3 90026
2 137217
146 728
2 75250
39 11179
12 15464
73 7169
75 1874
44 16149
54 11515
56 10574
112 627
1 72077
60 11395
5 104322
51 10320
22 3610
2 48399
3 11186
33 8724
2 165211
11 26585
49 1830
113 2276
1 72901
21 18939
53 327
18 31769
1 132202
4 21482
93 1444
1 104991
1 124418
13 46183
12 24546
23 32131
49 10686
12 23666
6 43495
1 207944
51 5900
2 56970
19 27514
5 27803
59 1694
18 6478
19 3661
87 4762
9 4953
47 13144
23 13641
26 32394
56 7823
63 9035
23 20966
20 15176
2 104762
2 114957
54 6327
54 4580
9 34706
16 11307
45 16143
2 76858
68 8226
33 17386
9 61074
73 7360
46 12281
4 32917
57 11711
3 123965
11 5160
9 77593
3 90435
10 61997
11 76157
103 183
42 19810
1 79654
14 28737
1 68692
1 134026
77 1832
9 70206
8 25506
57 4623
76 131
86 1564
4 5300
43 13058
25 11500
34 15658
12 40379
6 12193
5 3990
68 246
43 19856
12 1578
12 3738
3 64026
22 2048
10 32707
1 112802
31 1655
17 9794
8 23786
5 120644
26 18581
66 2982
62 216
2 138276
5 37148
11 76815
16 44620
6 101641
29 12937
28 15037
3 126387
1 34053
146 654
1 131962
12 20902
65 8988
18 24541
58 4538
20 2245
16 44702
6 15426
3 74466
25 14754
2 148534
29 28362
12 8507
73 4125
9 40694
11 44943
1 86098
5 83094
10 55751
3 69796
62 10490
7 91224
72 2146
1 104917
3 23379
9 67411
5 32829
19 9856
41 3611
34 15351
62 11093
7 24393
40 6238
2 49419
92 2268
11 36009
33 9496
67 8048
49 16413
39 21457
29 23352
12 43471
23 30924
30 18891
11 54807
47 9547
69 5163
3 98008
126 426
123 1148
23 26156
19 20746
43 6528
8 22601
10 72453
35 11437
21 4091
23 33212
56 1620
28 26413
1 125548
12 57090
3 121883
4 55748
24 8851
32 8026
23 33916
26 16367
6 29917
58 8295
1 163849
3 108479
5 61189
18 47518
5 21282
1 48008
16 17920
3 119212
5 57823
7 67910
93 1441
45 553
2 142015
5 102729
17 20858
2 54003
15 21268
7 37712
2 77539
8 14842
3 36369
1 112399
1 41556
15 21720
11 77639
5 43170
28 30697
44 15675
7 26406
4 87595
8 48700
5 36831
7 24710
3 106786
40 12334
6 5394
2 90622
21 25864
37 13602
8 5388
23 24592
12 9149
5 60437
12 68400
33 25663
33 3629
1 155488
35 10891
2 80587
35 16447
4 59705
2 42247
4 56977
21 38602
30 23659
5 20040
56 1739
65 1998
29 95
17 8124
44 1161
121 1514
13 18642
22 36143
22 44812
26 14008
77 1719
6 74083
20 39332
1 102468
54 3898
34 3031
3 31962
2 65030
10 18941
1 6039
47 15354
6 108181
47 65
2 86374
7 47128
1 126372
11 47919
4 31504
15 36288
14 53340
11 36771
12 17694
30 3333
80 1529
11 27500
111 1997
11 60382
14 40370
2 57595
45 641
31 13615
6 33129
29 25732
3 9339
24 11086
39 7217
31 29045
7 530
2 97490
115 1825
1 196823
14 56396
24 20138
18 5795
16 46657
8 19698
12 72267
7 65711
125 768
57 4892
4 58512
9 79162
30 22321
78 3179
4 42064
1 25248
36 10478
6 36169
17 40988
1 95835
1 183212
2 170862
9 20272
5 109613
50 1562
16 6420
15 17173
4 122672
27 27268
9 39473
11 77766
6 15909
3 26870
43 12734
65 9060
37 2584
27 8239
1 133385
3 114314
4 2145
7 4705
48 3562
32 10048
5 89435
11 3407
7 19247
4 75192
123 1494
8 77313
15 59684
21 41068
17 2299
9 27966
3 88090
2 33066
17 36786
15 26786
50 2739
14 40294
3 23698
34 11765
7 64735
7 73657
32 14373
26 20799
2 41041
40 21865
14 41784
57 3459
19 20871
48 4680
12 49994
108 1061
27 24084
58 11361
1 50315
50 13260
1 127230
5 108846
93 1409
4 105229
12 69021
91 3149
17 51147
14 65904
13 17735
15 10107
11 20324
13 55489
18 40592
17 16311
27 5865
60 6413
3 74387
19 18242
4 1739
13 29392
75 5372
25 25281
31 14773
41 10388
59 8745
3 83516
1 2182
1 71869
25 11280
24 8639
7 9321
14 41674
60 10622
47 125
28 27322
40 11427
24 10510
1 48004
32 3739
9 24833
47 13717
3 71625
12 59207
19 36740
10 42628
12 6273
1 28132
3 82922
7 30070
2 36703
3 51145
11 34972
3 141280
120 317
23 30689
22 4030
6 39819
28 32323
42 14965
3 130839
31 25170
6 67728
12 48409
4 5033
4 31588
82 1522
37 1967
12 28703
1 152772
9 14265
114 1918
32 28926
15 17614
4 32101
57 9709
3 76101
123 772
10 36715
2 104009
1 207416
16 57324
43 14988
18 17306
1 29800
6 71414
5 24061
23 13160
21 32567
30 12016
14 22101
1 204652
9 49136
47 3955
3 64962
5 104359
19 24720
1 201601
39 18927
26 33411
59 11005
3 131888
153 594
5 119145
17 20255
13 49759
2 151521
78 3992
3 35851
17 32668
8 96220
133 1247
117 2081
8 72799
17 52616
6 73152
7 26379
7 27098
5 113462
5 72130
34 23410
18 54648
40 21107
59 4562
5 77093
44 2960
4 118762
43 15260
5 45407
1 208151
1 110622
43 8882
12 44654
73 4811
1 161609
1 107032
39 6113
3 18893
7 57005
1 20346
20 9538
4 125003
44 7845
4 68435
1 73154
4 108402
101 2424
53 1424
10 27604
43 2541
16 32435
30 18918
1 180388
9 79946
1 92360
74 1149
4 114307
1 120097
35 16030
22 20005
16 15489
13 41649
5 68987
24 7946
9 35390
15 39074
7 104511
14 17403
71 1560
32 23653
54 3248
37 15421
3 6822
5 22450
9 24586
2 45775
20 39349
128 975
71 144
5 51346
36 10624
1 40525
5 55712
3 138270
27 25774
8 78537
1 14487
10 56589
4 112105
5 13715
9 67990
12 34767
19 6941
5 36529
13 21960
40 19234
30 11037
21 38510
87 2614
16 2572
14 31430
33 1297
3 117076
10 48985
113 134
17 34916
5 75473
42 19879
1 41768
14 49405
44 1942
3 59933
110 1661
7 12942
78 6361
9 74490
1 51476
2 119319
36 410
27 13163
3 51214
1 177734
6 30349
6 88568
9 35016
11 77057
1 141567
19 3466
10 79234
12 5903
7 17840
7 40799
32 3793
1 125494
4 121046
3 79824
75 722
6 15942
22 34487
21 3568
11 49781
38 6660
59 8283
20 29175
46 7217
7 71863
37 4300
38 23190
10 33469
68 6929
74 3398
17 39485
7 70106
12 41170
1 132515
46 6712
15 16013
45 4237
25 28414
21 34858
20 32710
14 59301
76 4212
4 82559
1 17329
19 51891
4 33903
83 5093
26 35822
46 16453
7 57320
2 30799
1 71895
1 108048
1 181200
10 44315
6 22694
44 11707
3 34994
1 31545
6 73195
42 1077
1 25323
26 18186
57 7959
47 9213
25 2221
4 41169
22 37894
6 22511
5 13941
1 59510
2 441
1 57820
25 14634
2 144377
32 25185
24 7762
14 38717
7 99700
9 79500
1 25262
1 41482
2 168428
1 20408
63 8441
109 2712
27 28731
9 28426
4 59283
1 18032
2 1070
32 17395
104 1950
57 1824
7 98092
45 11633
52 10149
6 57014
18 30763
17 42617
72 756
7 48453
22 33264
44 5957
24 18107
12 28064
6 79260
14 7176
2 19117
41 14257
62 10810
10 13771
52 8466
2 142852
15 13937
4 25754
13 193
15 21535
69 8579
3 95136
13 2388
14 26253
17 30285
21 8772
68 1874
10 34286
3 137868
41 11216
27 33188
16 23544
26 30151
7 18086
17 19884
14 40903
27 7726
36 4406
4 43096
42 9999
27 13030
115 2045
2 120187
7 44427
41 4952
1 74136
5 2608
37 8026
85 5383
21 27976
16 11862
45 18283
39 4771
14 50392
26 8040
45 12010
26 3080
1 145635
3 79706
2 113480
1 137327
59 7135
11 10062
4 91708
15 36399
5 5562
27 31377
5 91091
9 27984
13 59681
3 97335
15 52870
6 109776
38 6287
83 1456
7 50865
15 35604
37 10941
16 58489
90 1944
2 19228
36 24992
8 60954
21 1366
46 12843
35 8107
75 3784
34 6511
58 9599
33 3285
8 1939
47 2996
73 5777
56 4653
36 16636
3 9992
1 100658
71 4580
18 4510
35 23976
41 14488
3 22496
20 1270
16 27994
65 7863
7 97959
58 7537
6 85226
8 83507
37 9775
9 88309
8 15233
9 22254
62 752
4 13582
1 179768
8 80080
1 20128
3 26947
26 27095
12 20112
2 95080
24 10729
1 68011
1 19412
23 1118
38 23223
3 6253
50 1272
32 17690
20 36480
8 29235
1 114437
28 1838
5 44905
3 34040
4 14027
11 31343
42 20014
45 3081
32 1132
1 142461
39 1846
1 128577
5 36855
1 111750
5 58177
27 22716
8 25547
14 65780
35 22537
33 21335
38 9944
2 108750
19 11244
2 171000
17 7261
29 20106
4 48872
40 21334
2 9831
7 10952
8 65246
38 10438
1 194696
18 25082
4 19687
3 71552
14 60648
52 14998
37 4852
20 6620
63 9372
4 51334
83 310
1 29150
14 29353
11 66487
5 41223
62 4574
15 33536
128 785
1 195983
6 72445
2 795
38 20862
55 5699
2 154411
1 76536
3 20371
82 5040
115 221
7 18970
4 7832
2 151026
39 20203
56 3331
11 68772
23 4330
28 21934
60 8450
23 42921
63 9535
24 29261
4 36966
35 10341
87 139
2 162736
1 34348
17 52138
17 46797
3 133229
21 26850
52 14177
8 80819
1 135379
15 51866
8 20756
39 8926
9 48158
1 29814
20 7644
63 6654
16 46409
68 3389
72 5778
17 2648
95 313
7 71830
21 33436
6 73707
6 91158
33 23565
25 14776
4 94022
51 8723
135 1090
57 1431
5 38083
1 25155
67 2295
48 4554
2 80815
14 32440
14 20389
12 57972
4 61658
16 26192
1 132709
11 73732
6 16691
81 4711
44 11320
30 5987
6 105729
61 10011
1 158981
12 53593
7 91193
51 5403
35 12139
1 13746
19 33769
9 28268
2 71725
67 3538
13 19936
5 54211
50 6046
39 4333
36 23123
11 62641
8 26521
11 49243
7 20089
9 67986
63 8223
54 9607
23 10983
5 67044
5 112322
2 206
46 2692
82 2039
2 156624
17 24831
28 14643
25 17505
1 20269
7 8866
1 87766
35 20803
14 10661
82 4555
9 56335
29 11087
17 34404
25 8303
61 293
4 20423
11 33486
8 9257
2 65853
19 34900
33 315
1 84513
9 3470
10 15817
9 80489
48 8157
2 30999
18 17961
4 1972
8 35810
43 19009
6 56631
11 6757
1 58926
23 26374
8 94581
2 132288
53 8358
6 19544
23 10106
2 137919
3 36026
128 1249
5 101908
98 3628
15 23216
18 4792
37 8015
7 95652
86 3386
10 5747
8 61595
3 81487
1 100306
25 4445
7 47487
31 1671
76 3516
105 368
4 60202
94 1763
21 33489
12 43834
39 8174
1 143523
47 9505
135 709
14 63329
1 171454
81 649
4 11600
4 74084
19 21271
37 10609
7 73950
11 1536
3 79059
2 92219
2 6064
16 17032
57 3847
14 18763
7 36258
83 1131
9 68048
12 12026
4 49968
39 3687
43 5963
12 53182
28 6010
2 54409
11 78096
6 71679
30 10851
62 7756
9 36339
9 42656
4 37764
8 8816
3 40845
29 31738
1 113256
8 80495
165 321
4 60616
29 16111
17 31394
6 107662
3 8894
19 26211
14 42307
11 41768
12 38825
5 88303
116 2104
35 20798
94 794
73 6912
1 87115
133 202
22 194
5 110830
22 43350
1 175192
62 1371
33 26575
12 33584
3 63552
3 135258
1 190098
35 22532
44 14356
23 23707
8 64586
96 1782
2 164870
81 2518
46 4470
104 1225
13 41368
1 64700
13 52833
14 53885
1 55916
67 8705
2 12769
26 1082
1 45915
52 204
23 34130
14 20326
51 5905
23 1849
26 2862
11 34971
2 43949
8 62878
19 25548
5 64987
15 31915
1 168520
4 53665
4 59772
10 38639
5 3285
10 2561
100 1512
4 35009
19 49778
184 202
29 30177
35 12680
60 2025
66 6653
35 21588
38 6885
127 756
102 1422
17 9703
80 1701
53 4364
38 20396
89 2083
1 127294
21 22944
8 26188
66 1777
7 68388
48 5258
4 115179
3 32208
1 146814
6 26293
7 62668
46 4031
9 31361
1 112673
1 108429
1 191808
2 6020
53 7828
5 90287
1 138751
4 55184
24 35473
130 329
42 3857
28 31859
40 2516
1 94774
55 3188
22 43310
15 55938
52 1209
76 3764
3 61616
3 112963
34 1520
19 44119
1 173748
20 21945
22 8198
1 149618
71 4028
98 2531
81 5243
100 2903
1 80326
13 57226
26 30384
28 24959
1 193544
4 21384
1 68555
1 171715
30 20187
110 2130
39 18802
10 9538
26 2255
12 29822
12 29864
35 13062
6 54987
13 28558
1 61672
10 19943
47 1922
35 3057
24 16958
18 1059
1 61233
5 63628
17 48898
21 34935
20 21763
22 32840
13 35111
27 23674
11 38707
3 98360
3 53696
8 62735
5 44321
48 9630
6 56473
24 6925
28 23682
1 158986
79 5652
51 4457
9 69222
2 160342
51 1347
17 6733
9 52315
40 5226
26 18355
11 69820
12 7789
22 5162
3 110844
1 20658
11 30580
51 221
29 19672
1 28360
30 6944
23 31486
1 129465
3 140581
4 39314
87 2787
17 18810
105 581
81 4068
39 6572
1 65825
8 58342
97 3078
1 205480
10 14673
22 2331
23 22959
1 100494
34 17724
23 17356
30 21308
29 23252
1 185668
4 128716
26 24421
102 2468
12 45872
43 13611
20 5946
41 17323
34 23302
25 18119
1 146643
5 93771
41 15990
2 95151
11 56100
26 34989
4 10740
43 17436
15 58301
18 11511
29 23084
57 4397
19 22210
13 8238
26 24092
33 6663
68 3988
6 45278
2 91495
62 3382
5 56769
12 4849
64 1967
32 2034
59 10688
3 114687
11 34899
15 49147
4 51306
3 97541
2 99369
1 196462
35 8668
1 1728
31 5945
10 57852
10 3308
52 14475
12 6076
29 12813
47 11648
120 440
10 27061
91 936
28 24857
33 56
6 24717
1 6148
6 75151
1 147796
1 95954
12 60781
24 25376
21 26577
89 2021
24 34091
25 6847
114 1106
1 55127
3 83454
3 60586
1 159201
57 8271
24 9877
3 38030
20 31827
3 121050
11 56866
53 10552
10 14089
20 5871
4 97622
1 137842
10 59986
41 20265
49 5763
79 303
27 24905
4 29082
142 889
3 17506
32 1783
25 13264
6 83158
1 8019
54 4982
117 1633
9 58663
8 87838
8 80793
1 36873
11 3041
4 6173
77 5324
5 45938
25 37109
32 2872
10 22714
22 41899
7 82578
43 16276
15 36521
24 37877
21 25673
1 205762
42 13896
6 59837
69 3700
15 54724
27 17218
19 11188
10 82796
23 40647
19 12494
2 106256
16 52699
63 5412
26 8622
71 4716
8 31590
14 54887
23 10893
7 85327
28 3060
31 15822
102 2692
3 115505
19 14849
26 27395
37 5023
25 9758
9 65917
65 7903
109 226
2 47902
15 26016
8 57320
1 11522
6 58341
21 41040
21 10791
30 4651
40 10716
21 8580
13 30443
122 353
5 71944
20 31054
15 49725
1 97549
4 12456
1 131403
26 4654
1 185864
7 53914
66 3214
95 2043
2 148213
8 31466
36 5918
1 168253
152 497
19 48888
44 4383
18 45637
35 4253
6 49270
82 1829
17 57223
19 39929
12 28839
2 136760
65 7933
33 24415
96 640
6 40069
5 54260
44 3681
40 12184
23 15143
17 46373
43 1636
47 14438
36 9649
2 64333
4 53912
35 20270
11 36317
2 85391
46 6985
55 6362
1 199065
5 22926
10 28884
14 56078
1 173632
89 4618
48 8815
123 313
80 5530
32 2110
20 49365
116 1714
50 9714
16 34603
11 21330
86 547
1 72944
17 43261
29 2001
4 50988
25 16926
89 2086
24 34908
5 55108
20 8632
16 4707
10 14248
39 16591
51 5907
31 22617
12 61303
18 8835
115 745
111 1377
5 40177
52 14998
95 1009
14 44681
34 24421
15 19915
18 10579
1 152746
40 19480
17 29998
21 31757
176 180
100 2387
19 347
10 80680
6 44722
20 39282
17 38785
33 24366
41 9929
1 139236
34 13171
3 110346
5 88512
60 5658
63 4045
6 23389
63 6606
30 2529
4 13022
43 15012
1 115637
15 415
21 32534
59 5053
8 13833
5 62505
5 83462
10 24387
10 9419
50 12932
95 413
5 103580
20 31752
61 5287
19 40140
5 99025
30 9948
14 16526
30 9576
17 3137
27 462
4 91193
37 18382
48 3133
1 127930
9 48360
18 38173
36 23555
2 8277
11 47537
4 44916
21 13320
16 31356
20 30880
23 16714
5 35022
3 15015
8 20429
96 2671
24 18402
12 51383
25 11452
30 16352
1 39108
49 15000
83 4377
6 79489
126 492
9 62062
27 11523
2 144320
15 57686
2 170254
4 3663
65 799
38 4997
19 47787
15 15387
40 18699
8 3314
8 71172
30 2149
96 194
17 53281
31 20817
7 1501
78 3676
1 136250
28 25738
4 74056
16 13515
19 32594
4 4737
10 18428
8 67664
7 13282
39 21175
111 2159
18 28401
1 42490
17 47241
10 35375
3 42201
82 1794
8 68676
63 2041
34 8731
7 7916
17 33175
19 47257
1 114615
54 13181
2 137741
54 10996
5 67731
32 15148
25 13359
23 32871
15 25795
1 146379
13 42030
90 1880
4 24686
6 110277
1 75395
5 43698
132 1160
26 2040
19 22930
17 52602
4 1043
22 12969
90 2061
5 30641
23 12069
17 46162
61 4063
3 116751
28 23510
1 70615
2 143689
1 32087
1 65625
80 5499
7 31147
1 89442
131 846
11 21327
10 26867
52 11505
10 63792
58 4395
17 30177
79 4087
1 122723
10 54984
21 8871
52 10957
41 17104
36 17427
2 13
5 54010
5 14721
4 63873
21 2622
38 21489
1 105066
9 55636
2 165840
1 165814
10 21657
6 79191
29 3395
3 119318
43 2959
18 36486
1 152622
8 1087
19 42458
31 18387
5 15466
32 12408
48 13442
1 50281
12 12350
41 21346
14 65585
34 11912
77 2123
2 135144
15 11063
10 8971
48 237
7 49053
40 12472
1 196485
32 291
59 11262
1 23745
116 1365
6 20709
21 34786
48 12352
6 29760
27 3283
1 38900
14 11979
5 114033
2 48075
1 107304
36 11066
3 136203
27 18962
5 114092
64 221
3 65083
14 49088
13 37245
10 67136
4 4332
2 86114
1 3082
6 100756
31 27691
22 39455
92 701
48 1095
17 3947
4 89786
3 35883
10 75425
124 1387
12 54037
17 17784
5 92604
1 102147
42 19160
31 22144
91 391
11 19212
19 11509
70 8332
1 160375
10 69505
6 105981
11 2720
6 61680
10 41210
69 581
39 6319
12 18216
17 6504
4 104835
1 126443
1 192038
13 61716
17 48857
39 8392
13 16686
11 70635
13 52061
27 5600
27 31013
49 8979
1 92143
10 38648
5 8196
72 7164
1 165669
38 194
66 4114
34 3589
11 3852
7 72981
5 89004
10 73606
35 10994
39 21815
53 13260
23 37901
19 16007
13 38673
13 23544
6 1748
63 10770
3 13721
2 90449
2 106401
13 55406
111 995
3 135504
34 11618
3 46552
59 3769
3 51266
3 111732
101 3128
10 34891
2 50314
40 9559
6 86945
76 6792
4 39907
29 29280
70 8229
19 35050
44 10257
19 699
15 57006
1 189948
20 9249
1 27856
64 10149
3 63957
42 11116
10 83426
54 12201
4 83183
1 90141
79 5070
22 6102
25 24643
6 84137
4 3093
20 9751
7 38661
17 26859
11 49334
93 891
5 35225
19 47658
18 20549
40 7983
78 6538
1 38783
22 17587
2 63853
15 56374
1 10516
23 19249
133 1176
1 171803
11 39201
11 75546
7 14665
21 35796
4 84291
3 100754
46 16218
12 10962
65 6380
12 28220
24 10136
10 56449
39 5062
6 99657
2 59831
140 563
35 23825
12 33081
5 74601
2 11599
1 42092
1 180492
4 35437
20 9118
17 31971
1 161686
13 32051
20 14564
1 180828
3 91108
5 120809
4 67105
38 7705
6 99348
21 9864
2 169437
33 20714
6 17156
13 32502
26 16886
5 41637
10 29553
11 41560
38 1677
19 20199
44 10969
19 16667
1 128485
18 10602
24 29770
98 1562
31 25918
140 917
55 13827
5 52727
27 22118
3 19434
34 7463
12 55842
17 23549
25 7865
25 25222
29 3424
3 108001
74 694
91 1672
14 50065
22 29291
6 31753
5 26040
1 67198
27 9037
2 19588
10 52589
4 69513
57 1027
1 20417
39 13401
42 15251
3 113690
21 44064
17 33536
4 14555
5 103267
92 948
9 47228
37 15327
34 25434
5 36283
3 25132
24 6617
8 21106
9 48889
67 449
13 51806
1 51147
3 34727
8 92650
15 61400
29 21876
33 3475
10 45225
11 55610
11 41840
35 17916
2 84430
74 2959
55 2238
83 5110
6 52817
15 25678
10 48119
14 38932
3 10768
91 2750
14 46438
5 112214
13 20081
18 2006
9 44392
2 121167
2 1495
2 129689
4 12004
13 1933
45 13658
19 48171
36 6327
20 47113
2 35461
50 14984
56 2249
1 42885
8 1942
57 4291
5 105143
15 19788
1 49637
5 77602
55 3857
3 58202
45 8784
15 1331
151 180
1 22443
1 200947
18 33236
7 72437
15 23620
6 75075
69 4233
59 10492
5 20121
4 98446
37 21973
8 76518
8 2156
17 36014
142 363
4 52952
16 14831
66 1228
15 48202
75 5461
21 2725
15 53996
3 3820
29 2822
6 100529
15 56530
4 112277
11 49988
37 15330
7 65689
22 14364
63 8626
21 7594
1 191766
2 118232
37 8872
16 9202
35 1815
3 62883
4 72934
42 14585
35 9968
34 2278
10 15187
59 8857
50 10790
23 21166
16 30638
20 25655
15 38007
5 80608
11 52589
22 9866
2 45901
19 29361
19 46290
99 1869
6 40464
1 110678
31 13403
1 79472
19 35288
4 124111
26 21870
61 6177
1 56960
69 7912
56 9815
15 28571
7 63166
29 4825
6 95255
1 101556
6 44240
1 27730
12 51250
44 6996
9 84760
1 135175
34 11599
37 5944
16 16195
21 24453
17 43761
32 16375
127 1409
1 92059
4 88243
7 22975
17 19754
15 30792
11 8592
3 84802
34 11975
14 22081
1 134702
49 13917
16 8539
24 30658
16 55146
28 31188
64 1197
33 4814
50 11651
89 3185
23 1182
9 20150
2 62880
159 338
41 16811
23 24375
29 31522
8 19284
21 21404
8 22642
21 21223
1 96079
40 19462
1 151628
3 8401
21 811
3 76499
20 5918
36 17281
4 87639
23 15703
6 29304
2 18989
58 2122
33 15254
59 3259
1 147360
2 46465
1 122585
9 75512
22 11797
34 17297
7 60672
1 67178
11 48937
49 4498
26 22396
10 38904
17 34903
1 196908
16 23126
3 31861
7 33678
100 2972
59 10397
6 10634
1 52473
24 38850
22 37350
2 118838
29 25456
37 7747
20 49139
41 4312
5 100390
14 5831
1 95499
12 18255
1 170055
2 171199
2 91355
42 19739
66 8949
5 86901
84 3991
15 5268
10 48213
60 6156
83 1785
84 4483
25 8698
1 135410
50 13586
15 13815
44 17758
1 162442
13 10517
10 14348
11 45329
1 6757
2 129990
30 14746
50 1043
63 10020
5 67105
79 6327
7 52817
10 32395
5 99196
13 43822
20 37120
1 123296
57 9941
53 7437
7 63140
29 11470
13 50582
53 5945
47 9166
1 156075
4 111968
23 11396
64 8036
2 122073
92 2430
10 25568
17 19878
152 651
3 129192
8 2720
1 152523
21 19029
29 25803
6 59171
11 77734
4 8207
2 38122
21 18947
12 45636
6 36730
8 21307
9 5627
1 163160
54 6298
4 88905
2 64688
31 5368
33 23970
7 54395
16 18988
14 4362
1 127711
44 12543
2 151082
23 6960
8 48353
25 27103
1 150075
3 55341
12 31616
69 4484
5 61684
49 16316
39 14742
19 10745
120 1640
23 14363
15 5500
11 45246
39 16054
5 107526
11 57401
16 39695
7 21995
7 9337
18 283
2 169572
68 1358
1 65216
21 43263
2 107395
7 78213
1 190209
91 1261
23 33208
3 28785
31 9075
5 118675
3 13577
27 3727
1 99946
24 25749
60 3363
8 9571
87 4026
14 3144
7 14010
46 4166
43 12952
39 7021
17 5849
3 72963
1 17657
2 78232
41 12922
8 59036
39 21905
35 25542
15 40867
22 15549
52 1412
1 36362
33 21160
16 43938
33 19390
12 65926
15 9814
2 2783
64 2855
7 21041
58 10856
8 92067
45 15172
1 22319
30 29319
34 24376
57 7198
1 20503
51 10886
29 30098
50 3111
5 74908
28 32810
55 12138
2 40031
6 2489
64 5411
4 37444
20 3016
18 21284
11 30681
21 18686
41 16935
51 4856
34 6256
18 13444
59 8189
4 69585
2 162937
5 120079
1 98982
16 3052
148 509
5 51478
1 126733
6 41320
57 673
8 23883
70 2238
3 68307
23 26801
33 8085
15 50229
18 45775
7 58116
56 2788
3 21830
2 43213
4 114374
8 68141
31 769
7 11808
22 8837
2 139735
5 24559
5 13377
23 4846
3 448
6 84897
3 57382
12 2262
20 48442
64 2954
64 6325
7 6175
1 92429
7 42649
17 34310
4 11373
1 100836
17 33604
6 84621
10 75744
12 22796
2 141609
1 106475
16 44625
45 18133
1 192643
12 28097
113 1864
23 18415
19 39955
13 54601
1 199426
23 17028
1 160146
7 56959
7 15170
22 18450
4 29537
2 31874
2 117523
21 10204
21 34722
4 27918
21 11423
64 4392
42 16888
50 934
2 122082
1 31804
36 13818
27 18518
38 18530
67 950
13 63608
8 14692
1 5122
73 4597
63 3466
11 64169
1 57281
6 56974
5 73808
97 3721
22 18394
57 6510
1 152033
36 18524
95 336
1 158138
68 1617
18 28172
2 67212
3 47002
51 15703
51 8608
26 4483
4 37596
3 8191
5 71967
8 80307
16 12210
27 22521
6 80819
23 23413
23 23970
16 21963
2 17118
8 24799
113 1829
61 396
25 31238
74 7476
15 45691
40 5712
17 12390
5 120958
40 1677
3 53595
26 33786
62 297
50 3917
28 22634
90 1210
36 23966
4 9336
19 40811
6 26733
10 78434
32 26015
38 9764
9 42291
2 32366
10 18680
3 50763
13 33678
8 22505
1 82525
26 3255
3 121265
2 73870
3 111191
34 19425
5 62152
15 41271
4 46128
12 12924
13 596
13 12223
14 65973
67 932
74 3052
14 11853
23 40501
4 41989
7 14453
14 37757
1 128912
34 27189
14 37486
38 1227
28 2400
15 49750
1 34066
10 56370
2 150871
2 160086
42 16805
5 30982
5 99184
1 185694
30 15893
61 9164
1 29512
6 17484
5 116735
28 14429
42 18393
1 34607
1 133273
39 22282
29 11813
22 3583
3 3096
56 8135
12 61184
10 31364
5 93485
24 33827
52 5863
16 10880
5 48921
6 56486
7 83677
6 3239
2 158056
4 61849
24 8724
27 26659
31 13421
68 7719
34 8736
7 39828
3 106067
26 21244
21 43154
8 3551
7 9714
43 12405
1 93501
21 26119
3 132750
92 1876
15 33673
2 125402
11 5330
43 14416
12 36313
3 37143
20 14812
33 21376
52 1600
3 41147
6 9434
63 7730
44 10728
1 3757
23 25624
30 2023
12 68919
111 1765
133 805
56 7670
2 98522
16 53733
9 74254
4 83456
32 15919
8 95546
39 9537
26 17719
36 18167
4 102303
31 27552
31 6506
4 47293
3 139213
25 8367
19 43219
161 308
1 15074
74 4330
7 104703
5 54140
26 30350
3 98298
3 103051
1 140425
18 11021
29 22483
68 3010
7 63510
10 33615
1 52416
32 1754
14 44298
3 128471
9 46186
16 5572
9 51786
2 98736
15 22136
11 33363
3 36271
91 3264
39 3227
11 63749
1 188353
24 36069
59 12020
13 35461
36 18656
1 7791
6 67323
25 15399
1 47366
5 71903
14 30954
9 68127
86 2046
69 8424
28 7394
37 24435
94 870
41 3215
7 97155
1 151822
42 7499
18 23261
60 11176
157 430
42 3630
55 1192
11 54432
4 51563
55 5546
31 9335
8 10568
7 73550
12 51622
22 5395
27 31747
11 24615
6 52362
71 1826
19 11768
9 32724
9 57752
132 562
3 14657
3 92511
1 71728
9 42284
24 14523
1 114506
3 121883
16 5659
54 9231
70 8101
28 33530
95 2482
93 3148
6 39001
42 5214
1 5906
1 13079
1 154423
4 114386
1 167335
1 19899
29 18227
49 2328
1 85174
14 43061
9 78376
12 60432
12 19860
22 24584
15 26013
15 8670
3 41728
26 30764
48 7478
7 71387
23 1825
1 112014
1 108027
17 30924
9 37839
22 37763
12 45288
32 28251
9 68723
86 1624
103 2058
52 956
1 66055
3 79191
1 85478
2 170962
8 4694
12 56184
28 29445
17 17176
4 46894
1 188766
51 7417
5 41294
26 12106
91 241
120 516
56 2349
65 1788
31 22343
28 22667
2 159781
45 1128
122 931
22 40082
132 1244
37 6327
15 54855
5 96099
10 68406
4 60027
13 65725
69 5316
2 112887
4 58416
24 3784
26 10993
8 91068
20 21121
2 16665
26 30891
5 10492
20 7781
66 714
41 1540
7 68545
16 36632
35 1035
14 43697
13 65337
25 19627
16 22566
4 89931
4 2286
11 54375
37 8340
15 51579
1 198562
1 140512
14 11842
115 1170
3 73645
20 31458
49 15168
4 73054
8 62519
1 206750
52 6580
10 11772
9 36303
11 37309
30 7500
64 8043
10 27437
18 39540
9 8224
8 59601
76 335
20 24400
2 150570
3 70371
56 2387
18 25629
8 8380
8 65623
9 49056
29 5357
19 35546
8 42809
14 32620
3 8182
4 100416
8 82247
2 70776
73 5101
1 79660
3 76482
5 70279
26 21383
10 78739
3 97870
6 82810
7 13955
35 19058
43 5940
37 18984
6 3051
37 21723
2 106709
3 49895
33 6339
6 85929
44 16719
1 91056
58 5239
64 5212
24 20573
3 79788
14 55624
15 15224
22 3372
9 45973
12 40368
1 192811
39 21892
3 103612
21 42855
22 3345
32 942
9 59662
2 74899
12 62902
13 14288
11 73697
21 5339
25 32414
10 64242
31 13751
7 96768
71 3718
108 305
19 3665
12 52964
19 14526
3 80419
89 2773
40 2740
1 19378
5 97204
6 19501
5 39959
1 183900
3 54260
16 10985
4 90911
57 9202
88 4602
8 68055
5 41281
37 13003
57 11720
16 58051
19 36615
2 97983
17 7966
15 49317
68 7223
2 26374
60 10830
6 102325
65 8692
31 23733
3 117273
3 80261
54 5700
6 91626
4 110054
80 5329
1 32016
8 96384
3 813
3 69402
16 4457
47 2301
7 17043
14 23118
11 77465
89 2005
54 13788
11 56089
42 14890
53 3758
13 46815
22 15583
7 34357
1 189429
6 55373
22 22055
6 85671
18 6298
1 198183
1 92055
1 170879
48 8682
2 8180
28 810
11 7096
6 68220
72 4657
4 128740
8 39831
3 24375
63 1095
29 13818
12 44970
5 98745
16 45727
7 5088
7 91442
1 98477
6 68061
9 26831
3 144091
1 17307
42 14322
27 10109
19 43621
33 8871
37 13495
31 16774
71 4226
63 272
10 82489
1 12967
81 810
9 78245
109 537
6 72823
22 16579
5 90945
37 15254
25 36621
40 21046
14 22158
14 44104
23 6176
30 17849
1 69879
29 12698
1 198462
46 6855
18 39840
4 70042
9 67358
3 134714
1 152400
3 104699
78 6743
11 51350
1 32504
64 3685
3 100909
1 188042
1 404
6 48621
70 624
29 30965
2 28494
19 3513
15 6408
2 101181
69 4407
15 25356
22 4738
23 10260
2 144167
35 9753
18 5923
53 2619
7 6893
13 46650
7 15301
1 178790
14 61831
1 112238
3 93580
13 42315
16 31889
15 4316
1 104089
86 4300
9 70414
9 38360
6 91822
11 45394
64 3160
8 62908
4 92948
15 52110
14 61449
13 60085
12 26264
20 43907
6 36674
1 28208
3 104409
2 134022
6 94764
5 36636
2 68838
3 79147
67 8071
2 514
41 16342
21 15925
34 24428
6 3512
7 63523
2 170354
97 738
62 5117
1 40828
2 46153
51 8140
13 38948
4 107744
37 15397
3 23441
18 54478
114 1230
1 135905
2 68314
13 26815
18 54499
44 11365
5 24272
14 63525
3 125226
21 13326
39 662
5 46660
17 53483
16 7763
23 27568
3 7160
27 23474
31 19995
67 5494
21 19549
3 118333
7 80992
46 14297
7 29834
47 10895
6 12172
4 10887
20 37154
5 38562
89 1315
26 8824
90 1273
56 9807
1 144157
30 30364
16 21416
18 22795
7 88159
2 48886
3 54172
14 58945
102 2865
19 21152
22 5193
87 2913
107 617
5 64185
1 179470
5 44950
35 5080
75 4433
3 131261
32 7427
2 100417
24 30383
7 92944
7 57448
1 163533
15 32485
89 3704
33 9044
38 15412
19 45372
1 197841
22 34189
12 30089
5 89640
5 25240
3 142923
17 53417
23 23664
17 22824
4 106733
17 19805
26 20142
15 59416
10 40493
26 25061
17 13173
15 35366
100 3562
17 37980
56 11459
1 4939
13 51754
46 13364
6 17889
32 17717
1 12179
2 4485
68 8260
23 10102
19 24562
111 2424
29 19789
2 76256
114 2061
9 79400
1 130544
1 191238
4 112011
27 27626
4 123283
18 31993
51 6531
6 76686
28 29890
2 97471
5 77442
6 54647
10 2077
10 29856
60 2242
1 178289
20 5163
38 23172
33 9465
16 19938
1 117481
1 119057
154 313
47 881
5 82720
11 53369
11 23393
59 7720
122 1430
6 85601
40 1533
18 53513
4 113131
4 109284
31 661
2 157705
16 11947
3 66292
25 13200
6 78856
1 103595
1 130763
119 253
16 19327
71 4279
2 74494
61 3042
2 95921
3 78256
3 125536
2 46012
10 74458
33 22049
9 75841
13 6370
5 40344
87 1365
58 4986
15 8110
2 19532
64 4443
14 28220
9 21896
8 41360
14 20975
55 2526
11 8394
2 7225
6 23094
9 14053
29 3184
24 38553
3 109634
2 110787
7 23479
2 150490
10 29121
7 81237
3 115663
12 42135
31 13357
42 16766
3 120527
16 32158
44 221
11 41193
17 46310
8 37892
7 39248
30 16700
31 12791
1 168091
7 57390
7 32993
26 3798
7 78176
3 4074
18 6585
9 44946
3 73794
90 1581
33 18086
17 47542
2 3989
3 29721
62 7617
39 14919
86 1433
33 11223
49 8237
13 22854
43 17010
84 4492
6 75401
5 94452
59 10421
14 59265
28 12988
34 22735
9 79157
5 5081
4 33180
2 124335
8 1981
22 21347
18 33023
3 115699
14 42561
9 66754
46 588
1 187219
17 20133
5 7055
23 14407
95 721
107 1904
124 823
2 26970
15 9384
50 15543
48 2406
78 3372
40 9599
13 975
2 120484
31 26695
63 5459
13 22528
1 41165
8 63566
131 225
1 59377
17 53364
38 4862
70 1246
45 5922
1 167866
4 33733
8 17717
8 20088
9 27289
2 36871
43 4794
1 166436
7 67116
16 26567
13 65838
139 708
10 79348
21 3709
70 5803
5 66990
56 7750
51 10632
46 17727
38 17561
10 49690
1 96618
22 9843
4 90733
33 16437
6 93268
23 39218
7 97568
17 46493
25 20922
2 117252
102 1038
1 118909
69 7200
13 15572
14 65910
81 671
45 1950
2 151173
6 87668
8 95463
21 79
8 72631
35 23495
88 861
3 50227
3 59289
2 166330
131 374
9 8770
12 23795
42 295
27 25868
10 25540
2 15717
22 32370
25 36803
2 56692
2 24035
7 7645
26 34460
11 21453
16 48374
57 6398
16 50273
13 8330
144 491
3 25237
2 135637
21 11980
1 113196
6 93637
1 118631
6 72656
4 68078
13 14538
6 60950
91 2153
73 5213
69 73
29 5421
1 105960
2 86057
9 59360
2 141589
1 102399
9 29007
38 13949
7 22661
18 20849
4 34831
16 58647
11 37099
2 121809
10 65168
3 5098
12 57732
4 23413
24 25683
21 24843
2 71582
52 12553
1 49881
42 8768
51 13411
61 4911
91 346
25 6593
3 27602
11 54860
1 12520
2 3336
21 338
2 138165
11 27558
2 97043
24 11973
36 14917
5 31681
110 2577
24 6067
50 6076
24 5408
11 14795
1 167784
10 50943
17 8608
5 104182
27 19812
37 2461
7 17644
59 4862
57 11784
28 31344
34 20793
2 93187
15 36612
7 83672
11 8339
88 1003
27 24893
23 4129
60 4890
15 1501
29 30758
34 9371
15 24944
1 109972
2 52885
2 123683
46 11438
20 47825
71 1177
31 9952
5 114241
17 6509
9 77522
45 4931
9 77230
17 27685
90 379
20 37884
85 2119
16 47196
29 2278
5 40354
9 45530
4 125904
10 63432
1 86933
42 6324
24 37736
58 12317
24 3758
6 96460
9 4110
10 46339
36 18961
7 42073
3 81951
8 7118
108 1400
2 14523
3 28389
11 76417
20 5656
8 60400
27 17719
86 3021
9 59824
51 4441
52 15438
37 21040
44 10413
14 63654
52 7282
28 29806
1 184194
8 25176
22 27113
43 19751
1 194071
34 11907
4 88023
1 157303
56 10648
56 10756
2 102321
17 53193
8 12989
8 52864
7 38331
1 85267
34 26259
4 63481
9 19243
2 138841
19 43405
29 22349
9 21852
105 1262
27 25332
1 44
4 9016
13 5049
12 9182
41 6363
61 1642
85 4361
39 984
5 68646
9 53921
6 18969
10 54273
2 51584
36 5387
28 19355
3 74406
9 53076
6 76994
9 40738
2 95414
9 10039
21 20091
42 17660
68 1090
18 45968
8 43231
54 7175
5 40469
16 21845
35 15718
37 8797
2 169521
21 35329
114 1901
5 48093
6 105861
49 6788
73 4788
21 17200
31 27681
3 16946
1 74045
6 59646
2 167270
31 748
3 115932
9 64221
7 56910
1 18596
25 2470
3 28215
18 30844
27 25417
24 32384
2 134154
10 43776
33 4942
1 75104
67 2118
1 80287
19 38756
2 140189
21 10329
63 2397
159 416
40 10919
52 12237
68 6071
2 5128
1 172332
4 82698
33 8582
1 173510
4 114848
5 43621
9 38263
7 90742
44 927
5 17817
1 11982
26 36077
25 33096
47 3154
49 14920
14 32696
1 78331
24 30345
42 1837
11 66415
7 18134
23 38785
61 11333
18 5215
17 8911
1 97545
6 12861
55 9079
99 2404
80 2655
52 2622
9 14910
37 7059
32 5849
6 72998
13 45062
5 83377
19 48096
9 45015
1 70749
84 1014
2 44898
83 4694
1 99489
3 56570
50 15058
4 61960
104 355
14 47988
17 20114
11 10539
2 149662
59 375
53 4948
5 28028
4 81434
45 8719
28 9826
11 26417
15 7542
14 59936
95 3355
42 5152
11 24731
6 47003
1 146618
24 29709
3 11787
16 54728
39 7569
5 49450
39 6568
13 66726
2 28456
42 9446
32 24331
6 25394
6 22847
29 20056
49 8138
8 63985
88 565
52 10459
89 887
56 10163
3 59780
1 28517
9 33659
60 9964
21 820
36 12739
2 33735
11 44847
30 11158
1 158710
127 1318
47 17749
3 7345
1 105114
3 15469
7 19910
15 25878
18 36027
144 544
5 24753
6 53252
7 87982
5 14008
17 34404
31 28604
1 95948
9 71294
11 17962
35 16444
23 18066
52 6142
1 137757
3 91909
25 36240
10 612
12 37944
8 14274
3 122817
14 52533
88 4832
4 39215
1 154738
57 6324
38 17489
10 75872
144 147
12 64761
1 44609
4 57289
23 10257
8 22545
10 38763
4 13647
16 23880
43 13011
4 72395
5 17656
8 10051
2 60820
1 10590
2 158746
1 187500
8 19058
19 7846
6 23190
21 6021
13 42857
13 13924
12 68635
64 1071
1 147263
58 10999
62 1608
8 91871
61 980
3 65637
18 47174
20 22556
15 44716
48 4057
8 63490
63 3554
1 137362
12 67331
9 60885
5 85025
1 141270
6 42240
21 24588
72 1180
7 32102
36 14648
11 16864
61 9113
8 17456
19 10423
5 98691
51 10832
2 57956
1 23078
64 5841
25 21144
30 9249
32 15693
23 6199
9 48516
4 45767
1 50617
13 4929
24 35209
33 5872
3 43333
41 3283
12 27213
36 13312
1 172641
1 8615
3 99596
3 4944
30 22463
1 42938
1 192231
17 25594
17 1274
2 54107
1 134042
10 28352
12 61984
21 27796
26 22034
126 1327
54 8172
9 68457
13 47847
1 56357
1 184390
22 22630
21 82
62 3286
2 113703
1 1340
2 91505
12 34635
36 13880
1 49239
6 53062
4 9177
42 11090
1 199741
80 3057
56 10782
75 5143
35 1950
39 12144
8 76364
3 123638
10 55348
1 122766
13 39086
117 1963
5 72684
1 133183
71 4540
52 9716
2 32260
31 18644
1 68098
46 7700
11 47015
23 12519
3 104356
31 13899
25 21775
94 1656
29 21425
2 155690
7 58863
1 93664
5 85801
39 9570
7 22742
108 988
47 15755
54 6249
8 51268
99 3157
38 10442
24 22447
3 100783
6 54976
1 173436
30 10746
35 4068
79 2855
8 14007
45 16450
21 30651
11 75387
15 61463
6 35905
2 150053
1 145836
1 150463
40 1517
68 8679
17 47939
9 74511
6 55130
3 104312
2 21337
2 61255
4 107567
8 36345
5 64283
10 49344
9 31413
6 77927
1 7227
29 24280
18 11409
4 100065
2 57849
24 39274
14 56727
12 4308
14 35387
5 109992
1 24911
11 74243
3 24352
17 49665
85 1492
27 11555
40 21248
2 24126
35 18237
7 97964
54 8033
60 5090
19 6687
52 2571
7 102479
1 61659
3 110773
3 76546
90 1329
3 74105
31 18902
53 14434
17 16679
7 23230
36 6029
42 20563
5 34367
12 4313
1 195495
56 1021
41 2155
17 34401
8 33739
58 7868
98 2573
2 62223
47 15514
62 6762
16 24260
23 19761
1 13042
21 6428
55 12848
31 22465
19 21017
2 148130
34 16353
6 30569
13 26837
3 97250
9 47792
24 18980
1 18618
55 12055
20 40625
54 14181
2 130939
15 49307
4 88835
86 1843
2 131346
27 20444
45 8586
18 51934
13 6111
45 2044
37 10458
44 7836
8 82773
5 6262
25 16247
11 32425
41 3818
3 137583
39 17564
3 92849
3 56832
3 110832
23 39646
22 23454
6 40988
18 21569
60 8468
4 113942
86 2546
16 32506
1 21262
3 85808
10 31862
44 7102
14 23735
52 8804
18 51997
5 38406
34 5103
3 51710
6 55252
33 11358
8 80067
6 94579
3 21708
42 3960
4 127147
2 65143
20 27943
10 4737
28 5550
101 720
101 2861
23 11119
6 88782
43 412
2 147591
43 6356
20 26684
16 34565
30 1782
98 1244
12 44186
10 6817
43 11286
4 57713
104 115
6 73302
3 113818
75 1554
1 86303
4 29619
44 8344
156 554
29 2252
30 9787
21 25617
27 28599
27 32391
11 63125
5 30607
4 123513
31 2090
3 102421
1 13890
1 132491
75 3960
92 3446
10 31317
42 5618
26 9287
16 33387
83 1238
24 37574
23 40340
2 130712
9 21820
19 43982
1 74401
5 72997
11 54452
1 59664
2 117918
1 6740
13 10186
6 60324
2 53945
24 22865
3 37424
24 5018
35 16058
9 57171
7 35545
11 27235
28 28739
67 164
56 3095
6 4399
19 25019
17 2707
2 155186
15 21930
16 11431
3 38502
1 183342
52 14203
54 4437
26 228
30 13200
17 17619
4 16567
4 26580
1 54761
69 3173
5 7032
10 45586
6 45993
14 29174
32 21312
2 22646
24 10065
79 5251
69 7937
34 12296
2 140429
7 84278
45 11798
13 2144
86 3131
7 67590
20 20637
9 4632
8 26758
2 163274
36 3460
1 57384
21 46275
12 49078
10 27679
15 30688
1 182540
57 3743
86 3344
7 49573
5 5252
11 23178
8 19559
23 10985
11 70440
6 28956
7 75872
8 21594
17 49281
8 23485
72 1956
42 465
68 6093
58 7101
9 24339
8 31400
39 8094
10 47791
63 6299
2 23979
13 50645
1 138738
11 42162
28 10580
13 63222
89 946
6 29549
6 78834
7 63533
30 6809
13 23072
31 17340
43 6448
24 34490
46 4614
115 592
17 44640
3 43605
5 6152
42 8102
9 83634
8 92541
81 1148
2 102106
1 75918
5 19822
7 37625
104 2474
24 3502
9 1655
50 4362
12 64294
17 36523
8 44747
64 3182
10 78385
2 128635
60 12032
1 138887
8 30441
89 4657
43 16524
8 43837
18 34509
33 4802
64 4883
30 17129
6 18480
12 45275
3 66458
132 549
6 30461
3 21781
6 75032
16 15609
3 114227
5 839
3 126616
7 38905
1 207117
10 69360
35 5851
3 65702
4 32045
108 326
5 19386
8 87900
1 22652
8 73099
4 117495
25 19610
17 48790
30 18711
14 64907
14 14169
7 103970
12 32742
9 16800
1 153473
2 111670
7 87977
4 11833
41 13151
24 34022
3 19740
47 5371
28 22062
58 10455
23 5389
127 1376
1 61338
4 18180
38 6980
11 45424
29 5825
51 12408
18 14087
15 39608
12 26001
15 30428
107 1338
146 360
35 2732
11 20731
10 81059
1 39559
8 13320
20 14720
8 64740
3 64084
19 19433
42 354
32 21513
19 28382
61 4670
1 159513
22 41287
49 3876
116 1978
1 70274
7 82476
17 2445
43 4010
21 19078
25 27869
9 49062
24 25072
15 28114
14 21021
50 12497
20 29911
48 8460
129 1157
28 3456
1 91128
9 22085
85 2307
36 12898
5 104244
43 6246
80 2727
10 45025
86 2800
5 30767
15 37240
76 1478
68 4066
9 65844
5 45463
91 2394
2 8062
23 11440
4 42406
33 23806
34 14157
21 21561
109 181
13 37934
1 102646
11 13409
6 92189
10 53755
51 2190
4 10330
17 6153
47 10313
27 29301
26 11837
48 5319
10 64855
22 18189
48 9457
67 8411
3 11828
2 96480
33 13945
3 20633
7 97602
32 17969
47 14757
115 1477
8 34815
27 17253
8 37551
50 15085
38 16785
7 56416
11 65839
113 1663
3 3559
4 37368
32 23325
19 18804
3 5566
3 80713
9 60247
7 22285
23 18361
6 144
15 66
20 15882
30 28421
32 28891
27 11179
33 21045
55 7403
21 22522
4 78509
45 2752
2 54356
11 18118
12 54632
13 20406
14 9699
26 12655
9 82549
4 114934
11 68212
1 45149
1 19902
14 50245
1 59014
11 47931
8 35470
31 17107
1 76972
21 17428
2 11218
19 39471
12 54628
25 6429
36 18720
18 40706
5 72735
14 40326
24 21237
46 14004
20 3728
28 19602
8 50125
18 40713
17 34095
82 1852
4 67209
80 630
38 14046
118 1238
2 132779
2 170292
33 5400
48 11831
25 25815
27 28650
31 4536
10 34515
72 5604
14 26101
13 32063
39 13200
39 3206
12 55504
7 23236
9 30656
73 7198
5 58967
11 13035
2 89362
3 2962
37 15134
6 90017
2 12382
5 28966
1 185128
105 262
11 21805
25 17931
62 10328
14 33554
7 65966
30 22766
7 75477
6 66643
4 21104
81 5387
46 9261
7 41247
13 68164
5 89330
66 5352
14 22613
36 4998
12 66460
67 8168
23 26
6 18750
43 3166
15 51200
14 14982
10 64328
1 41429
10 4665
24 22383
47 9070
4 115610
4 27250
68 3642
5 62454
16 8046
2 119401
34 2175
13 43794
1 22584
12 58692
49 4050
42 1145
93 4324
4 126939
7 95368
1 56484
52 13387
9 81506
83 1303
19 18998
1 141535
51 5755
25 10606
3 56322
1 7770
1 130738
9 26334
1 98604
18 11104
56 2511
104 2587
1 119626
21 45765
3 113731
24 33835
32 15833
4 73931
6 72560
5 120599
81 6021
12 68479
8 59885
18 32613
17 31503
17 5624
123 891
5 63059
88 1083
4 59867
45 1324
70 187
5 60986
28 12500
30 24955
2 17085
50 5790
12 38783
21 43107
12 32712
73 822
12 29485
33 8460
7 104824
2 74299
19 16361
142 911
63 2308
15 15301
4 64929
5 49352
10 13148
76 7041
5 64611
1 158060
4 45053
49 5450
2 92487
2 75806
55 4452
46 3690
19 30992
9 18180
5 38275
24 20025
12 10065
26 21618
2 23559
90 576
52 7536
22 5058
113 1200
1 71406
49 15517
28 15971
1 144172
4 70232
5 57132
52 14734
64 7865
53 11688
2 143228
83 3153
35 6048
1 86825
59 4830
12 32330
36 10001
3 102861
26 18043
1 132328
6 51680
13 14042
111 299
27 14182
13 27466
1 85541
12 15335
54 772
36 674
43 7393
7 56844
49 2319
41 9335
10 9477
11 51749
2 149746
185 188
13 45639
15 59970
72 4114
67 5601
8 49612
9 1975
26 31524
3 78967
2 164900
21 45436
1 77836
22 44781
21 2870
8 40998
14 2382
28 19735
13 26617
1 119879
39 10785
1 150206
24 255
17 25547
20 35271
1 54007
18 43831
39 13591
8 76068
6 30620
3 80752
19 42275
13 3165
47 17252
3 15621
2 78626
20 18295
6 78401
132 496
15 32903
18 51365
12 3241
5 41285
7 99564
4 66809
27 4309
5 14408
34 17370
73 3525
60 9276
2 133065
2 77686
10 50845
2 30805
6 64163
20 26352
5 117443
2 102857
22 24886
37 12266
60 7536
14 63076
21 1909
29 17885
6 91152
1 142067
6 86762
10 11981
9 52117
1 146976
10 42245
18 3221
9 67056
37 506
9 65940
9 64256
3 121065
95 1681
45 686
1 67207
48 15603
4 22184
42 13868
3 127059
1 54636
19 28751
32 21498
3 12006
35 5422
83 816
35 3948
13 7398
27 1531
39 16575
7 3298
22 33129
21 9119
4 11897
5 22576
28 28479
1 41188
7 94950
88 1591
74 3092
24 29163
11 63407
3 120411
1 156541
19 14172
14 58783
1 181861
4 125529
32 27616
2 30202
2 34466
45 1940
1 84974
110 1772
20 4998
13 23687
2 109844
3 127191
28 32134
6 43625
19 48386
7 7811
18 45722
11 7933
12 43155
5 79413
8 39839
13 69355
6 83775
20 48238
7 12567
39 3683
6 15006
9 12007
52 14959
3 113746
1 199
80 2325
46 17976
25 29142
1 178849
20 8720
11 74242
1 127236
19 37008
20 17868
18 44904
12 15167
14 3330
50 5283
9 23429
4 106482
3 65303
29 12593
4 35187
7 99107
12 57687
52 15365
16 53998
3 26592
49 16301
72 4976
81 5150
30 16544
42 11774
20 1425
118 1387
6 53354
7 88631
28 770
4 43998
13 22232
33 9105
6 101537
30 16723
14 45568
4 109298
8 42321
9 28748
78 6644
60 196
1 22237
11 77316
3 120513
3 26941
88 3542
58 10109
5 109697
5 89180
160 440
5 47588
42 16473
17 41334
3 32640
10 21127
12 24612
4 97916
24 10886
7 86901
41 18554
17 42126
7 25214
3 87666
32 4512
4 77215
25 34287
7 59462
10 39966
10 40332
29 22463
95 1882
104 496
47 11666
25 30062
8 62038
1 97793
16 54936
14 3078
11 32337
2 30994
17 14924
1 113302
2 154325
21 1041
25 36182
16 36192
21 7113
27 34634
44 14895
24 11619
2 137116
3 139320
