458 108
191222 1
54194 1
66623 1
76407 1
34011 1
33354 2
41737 1
144298 1
8593 3
17076 2
1126 372
112765 1
77851 1
4763 1
792 46
470 278
84599 1
89001 1
151969 1
5508 4
183393 1
55850 1
30995 2
120824 1
12832 4
1094 161
97741 1
61457 1
154585 1
22344 1
124031 1
41660 1
84182 1
964 414
13894 2
79969 1
114564 1
488 151
138110 1
16433 1
16038 3
4448 16
55692 1
9303 5
1280 382
671 367
11675 4
152471 1
6659 8
159396 1
58588 1
128513 1
107958 1
5838 7
1224 76
70533 1
1147 413
175514 1
164949 1
442 3
2524 3
5618 14
20389 2
180177 1
319 109
566 291
14536 1
51285 1
86969 1
17075 3
717 239
164577 1
55872 1
11419 1
4399 4
23936 1
11772 1
587 15
160630 1
70903 1
154280 1
16715 1
1749 17
49071 1
8982 6
137556 1
167907 1
180365 1
1906 6
150890 1
1140 417
126537 1
735 366
23011 1
344 152
1010 125
119853 1
183584 1
164136 1
178614 1
78136 1
118225 1
1113 368
643 266
7641 1
18373 2
4771 2
72723 1
156093 1
10366 1
984 82
3838 8
79784 1
14721 1
188286 1
36418 1
12717 2
961 265
931 379
943 131
7528 6
64356 1
126500 1
41163 1
1214 232
1387 357
1746 29
906 385
856 157
182726 1
363 151
762 326
1653 30
10501 2
38363 1
100486 1
159496 1
1196 220
122854 1
330 238
149607 1
141278 1
1379 352
97049 1
112733 1
63661 1
8410 6
23323 2
656 118
1261 201
190466 1
1716 31
4809 1
124701 1
16786 1
3742 8
74096 1
93847 1
39390 2
172324 1
1209 259
8390 2
10712 7
1241 190
14445 1
1150 26
127676 1
137012 1
722 335
99076 1
7984 4
989 325
548 8
975 395
1009 394
51689 1
163393 1
39116 1
105788 1
14757 1
185116 1
728 11
1522 40
750 3
37662 1
1337 177
869 166
204 89
37008 2
36558 2
4639 2
1379 59
96283 1
86279 1
253 108
75677 1
27078 2
154146 1
512 87
141095 1
94213 1
137576 1
574 139
1396 182
66110 1
497 288
115534 1
128946 1
41899 1
1035 366
421 1
1940 1
190300 1
142405 1
1421 44
153903 1
89109 1
10323 7
1154 269
148726 1
555 47
95491 1
192467 1
106064 1
148869 1
330 1
24397 2
166923 1
38468 1
184499 1
124709 1
113677 1
844 302
666 200
86809 1
86254 1
26090 1
143423 1
2690 1
68970 1
118445 1
2339 3
4062 6
853 159
824 95
35522 1
1030 147
145871 1
10195 1
31999 2
27991 1
1258 190
15180 1
1293 418
726 54
724 36
138543 1
1069 1
68 62
159918 1
14340 2
64386 1
716 355
1141 204
168851 1
170921 1
249 51
116 20
651 412
110756 1
6788 4
1277 215
1388 3
117457 1
3293 18
12169 1
5555 1
111746 1
23369 2
1218 94
10341 7
1775 20
96221 1
53262 1
7320 1
9598 1
113731 1
606 141
355 52
78027 1
54970 1
2000 24
1269 210
57779 1
10982 1
926 200
68347 1
17832 2
162753 1
60383 1
8725 4
2743 1
1155 281
517 117
125154 1
13507 1
1260 389
344 248
67766 1
192153 1
176001 1
75766 1
1242 152
153984 1
125797 1
1791 1
1192 327
95603 1
161265 1
135238 1
27958 1
118 108
1048 421
23050 1
187165 1
6052 10
421 396
23722 2
751 114
1250 383
127325 1
170660 1
758 17
71116 1
44260 1
1388 287
167432 1
160345 1
89508 1
450 266
39851 1
183062 1
631 14
1140 43
481 2
9729 2
52417 1
545 100
130272 1
485 385
53834 1
33358 1
660 79
116507 1
78684 1
188735 1
301 147
101 44
1302 427
8163 4
5939 9
33062 1
87244 1
8171 1
72133 1
157306 1
159947 1
68001 1
62207 1
3342 1
113198 1
1528 1
816 211
524 96
3515 2
35049 1
1378 420
36516 2
941 273
39385 1
135143 1
24502 2
104751 1
11723 2
174665 1
15961 2
76767 1
82891 1
54500 1
171653 1
25967 2
59877 1
260 144
646 348
9399 1
191258 1
366 177
150855 1
1009 291
65534 1
1042 234
654 434
6270 2
1338 327
133381 1
137058 1
404 152
125270 1
3653 10
2361 2
169967 1
128559 1
445 390
10273 2
64794 1
65481 1
9474 3
20053 2
165505 1
85397 1
5434 1
7776 5
113797 1
131992 1
125088 1
1012 139
63911 1
1067 317
190049 1
180619 1
106961 1
161463 1
11395 3
1444 32
109351 1
239 82
838 369
106650 1
960 183
94002 1
42777 1
17358 2
55418 1
130311 1
44404 1
174090 1
476 397
2272 30
810 365
153635 1
25094 2
495 240
465 48
97195 1
185988 1
23822 1
113233 1
30045 1
109696 1
57271 1
184147 1
1001 372
612 44
1006 236
14395 1
39454 1
172385 1
417 59
34958 1
10897 3
1103 53
25828 1
106714 1
29653 1
858 193
1690 1
65548 1
1337 220
37765 1
54142 1
2648 22
89585 1
951 322
32250 2
765 344
63366 1
104211 1
1952 13
15798 2
48627 1
1248 30
149367 1
36272 1
5835 7
123344 1
88409 1
23325 2
1226 396
33893 1
68053 1
92719 1
17149 2
78647 1
6239 2
1356 72
156166 1
15833 2
426 15
140614 1
31553 2
71 1
1216 85
64972 1
94741 1
31604 2
1511 29
173719 1
187924 1
86418 1
97027 1
92329 1
23060 2
46470 1
70607 1
17495 1
18296 2
1357 265
94138 1
916 436
10518 2
1316 159
8390 2
288 190
842 30
53638 1
8574 7
801 48
1260 299
16362 1
179667 1
8559 1
1390 389
1376 8
39034 1
920 1
79822 1
38317 1
225 140
70643 1
613 104
10984 2
35871 1
960 380
995 287
12167 5
66981 1
137595 1
4794 15
63396 1
111433 1
911 110
948 68
29399 1
111012 1
53518 1
127725 1
7852 7
2092 28
34367 2
42551 1
191731 1
40760 2
1107 365
580 209
10285 2
541 143
1258 364
117777 1
1119 65
563 348
191901 1
95659 1
15672 1
154 95
454 38
86107 1
835 150
130967 1
30761 1
179783 1
7832 1
13573 3
179838 1
124112 1
91001 1
26907 1
888 232
1254 66
163452 1
1391 353
39677 1
35760 2
148460 1
1334 244
11585 1
185849 1
81563 1
182349 1
124935 1
1188 209
151300 1
3995 16
15872 1
194 126
169530 1
169814 1
133284 1
1154 93
138510 1
5864 10
31845 2
27987 1
29972 1
11463 1
118777 1
125537 1
16343 1
79759 1
13115 3
1730 30
442 403
181927 1
607 162
180691 1
555 173
13574 1
89015 1
120768 1
126347 1
779 384
412 10
6183 4
608 125
311 310
191439 1
1019 342
5967 10
98090 1
785 150
98073 1
39049 2
11055 2
185329 1
1322 235
2393 23
173089 1
127157 1
146731 1
1116 45
1101 184
14679 4
38023 1
22188 1
3187 1
115955 1
14120 4
70145 1
2182 1
46932 1
2379 27
1203 55
5660 1
113015 1
144695 1
111697 1
69299 1
1980 2
191465 1
61405 1
670 44
682 54
56472 1
123454 1
29093 2
38802 2
48797 1
1376 191
114125 1
155814 1
17873 2
1291 237
1324 286
863 339
157133 1
545 2
1119 298
181673 1
1159 134
67452 1
68507 1
136835 1
189918 1
70301 1
71643 1
672 155
141041 1
867 381
5893 11
137187 1
28975 1
16137 1
98499 1
122019 1
131661 1
1088 347
192751 1
623 149
1770 30
171485 1
5718 2
146085 1
944 338
12307 6
1294 403
69248 1
10513 3
33557 1
93080 1
2406 5
187293 1
807 217
983 396
170582 1
37702 2
89624 1
17535 2
9183 1
1359 99
414 276
122183 1
103706 1
35298 1
178563 1
47691 1
1562 3
153287 1
14938 2
446 317
133232 1
50978 1
692 190
50323 1
33927 1
7587 2
1374 218
833 36
66505 1
915 255
14112 1
6906 2
98638 1
79185 1
27373 2
953 50
249 169
957 21
180710 1
153180 1
7770 3
378 96
445 414
138429 1
30677 2
10705 1
6304 11
71946 1
45478 1
776 56
154755 1
384 106
25661 2
16542 3
814 96
135077 1
9442 2
54009 1
175218 1
1136 339
663 393
79591 1
66258 1
947 12
479 318
11857 1
180381 1
725 24
104847 1
134637 1
1650 14
49783 1
60815 1
32979 2
121837 1
3395 21
13368 1
1158 260
2305 2
1389 342
120719 1
5443 10
68636 1
118656 1
81399 1
919 50
1137 337
24960 1
39264 1
49833 1
60037 1
1182 181
53508 1
6137 1
22620 2
11192 1
174932 1
150330 1
12825 2
84553 1
137496 1
24874 1
190320 1
24986 2
335 138
5111 12
43922 1
7605 6
124825 1
318 235
24841 2
121051 1
134144 1
159511 1
157216 1
185331 1
779 188
157254 1
1023 171
134613 1
103686 1
126923 1
30385 1
173725 1
14256 1
681 223
116493 1
30396 1
24860 2
103579 1
59750 1
18372 1
33466 2
109281 1
1402 185
458 257
1271 379
75837 1
522 218
1808 36
80342 1
7145 4
46165 1
727 386
525 205
707 151
131415 1
30795 2
96141 1
738 367
667 54
44948 1
23249 2
4003 14
155972 1
6430 9
13264 5
115324 1
10631 3
88071 1
51526 1
132830 1
46128 1
48561 1
10388 4
7670 3
8851 2
1197 365
158180 1
16378 3
734 43
186064 1
13639 1
10800 2
158816 1
30196 1
72407 1
35743 1
142404 1
19397 1
69402 1
25626 1
7822 1
30073 1
899 17
108210 1
379 49
187393 1
1944 1
75197 1
86332 1
1318 339
41987 1
55251 1
66210 1
12996 2
6267 2
163641 1
65156 1
1405 397
1883 7
553 88
270 128
170007 1
132 74
2356 9
211 178
97471 1
75647 1
1019 367
2482 24
1220 75
27654 2
2737 7
93695 1
54329 1
16091 2
38107 2
3172 19
6554 7
17581 2
177588 1
77339 1
122775 1
434 21
47149 1
12555 2
1154 194
167516 1
10308 4
131535 1
99547 1
112205 1
4311 9
143590 1
22453 2
162430 1
134928 1
32446 1
641 73
76500 1
5772 2
14915 1
40016 1
132411 1
178763 1
29673 2
65586 1
633 11
635 105
1056 336
46590 1
103749 1
96543 1
164303 1
1313 141
105211 1
1123 278
1081 151
189709 1
950 325
536 162
94571 1
1225 64
32686 1
59892 1
1178 375
166346 1
188354 1
146297 1
20722 2
387 82
11905 3
128219 1
185665 1
1008 297
114957 1
71128 1
1241 144
119409 1
523 58
150103 1
130222 1
141106 1
182888 1
40170 1
6655 2
448 71
73821 1
1189 213
8308 1
63251 1
16026 2
94704 1
1493 3
118567 1
193188 1
164492 1
942 158
104665 1
238 15
142667 1
24618 2
17049 1
1227 88
3252 13
35077 1
7978 6
145917 1
81445 1
143590 1
1682 29
641 1
101948 1
32431 2
12711 2
1370 358
90406 1
181592 1
116098 1
85032 1
51852 1
152233 1
39936 2
11350 1
144622 1
813 137
648 221
435 217
1138 7
939 3
1810 9
1 766271
2 687561
4 272183
1 1054304
1 1575924
1 1133113
1 2032194
2 810086
12 663
1 1068435
2 885473
1 801230
2 438522
6 16429
4 32461
1 28814
1 765820
1 1733795
2 819458
2 888935
1 2215627
1 2008368
1 1732641
1 1778736
1 1200141
1 920583
2 738291
3 340409
3 531525
2 523949
1 2376141
1 1333230
1 1363720
1 690946
2 120947
1 1258793
1 970665
1 1963890
1 702636
1 1102124
1 94337
4 216962
2 26764
1 984649
1 1443870
2 298338
1 2326330
1 2408093
1 1230743
1 1120653
4 160029
4 8589
1 852666
1 409054
1 1865359
1 2460923
1 1489129
1 930407
1 793344
1 396472
1 728015
22 841
1 2377948
1 1671887
1 939025
1 2152857
3 48689
1 322147
1 969764
1 614808
1 529137
1 1050397
2 504674
2 26856
1 1739954
1 68662
1 1720880
2 319916
4 228371
1 2405069
2 427127
2 856690
1 387863
1 181296
1 657977
1 1284386
2 472933
2 375168
1 776269
1 402274
1 1590872
3 114113
1 153846
1 51011
1 269966
1 1290602
1 712344
1 569630
4 272664
2 439968
1 184058
1 1673093
1 2163254
1 1123202
1 593508
1 1954359
1 134194
2 728875
1 1343176
1 1405574
1 1102310
1 2121356
1 781413
1 2461680
1 1894608
1 276192
1 169889
1 264216
1 1452458
1 523893
1 1438129
4 37805
1 1567795
1 276120
9 35224
1 234575
7 24022
1 300785
1 1125598
2 829110
1 113896
2 850189
1 949674
42 95
1 1110104
4 329972
2 174628
1 1379145
2 146512
1 302040
1 2256807
2 168733
1 2312766
2 464006
9 33629
1 236690
2 826788
5 73471
1 1697152
1 1754516
1 1616660
1 421790
1 353227
1 1060520
1 1151296
1 2065032
1 2188455
1 1195516
1 1776665
1 2102203
1 1439858
2 92444
1 399229
1 1018922
1 1075256
2 904469
1 505094
1 753979
1 1173890
1 76376
1 168741
1 1192022
2 454333
1 1549500
2 477909
1 158259
2 189578
1 515387
1 706212
1 1142964
1 1208594
1 19979
1 1823246
1 2245848
1 90652
1 90085
2 815695
2 686361
1 2389389
1 2393216
2 112818
2 704622
2 572367
2 725688
1 2070881
1 30249
2 390053
1 250167
2 769483
1 236653
1 1465449
1 192251
10 21333
1 1551087
1 1110634
1 58062
1 2013208
4 28762
1 2177593
4 117621
1 1761013
1 2365291
1 1526111
4 239681
1 979596
2 417615
1 2440825
1 892529
1 1782056
3 602349
1 1524919
5 93278
11 11333
1 998728
1 596397
1 1180906
1 1583172
1 1280456
2 657659
1 1250375
49 2087
1 2249413
2 634267
1 1449584
1 2172574
4 154823
1 1312745
8 43791
2 161938
1 682059
3 69604
2 518570
2 617592
1 2371124
1 229538
1 2071837
1 2319373
1 336407
1 1243420
2 76463
1 2408132
1 1149763
1 1848713
3 706591
1 2375891
1 2361933
1 1329590
2 788790
2 625184
4 130081
1 577609
2 531531
8 47547
1 1849947
1 1497376
1 671531
1 945582
1 2423086
1 2098659
1 15868
1 924884
1 788500
8 41672
1 1003165
1 1076689
1 244701
1 1566900
1 11461
1 218526
1 1817412
1 554790
3 679832
10 20668
1 808928
1 386264
1 2432390
1 1871259
1 1601009
2 383104
4 62960
1 239581
1 2399961
1 1727903
1 718646
1 669343
1 270069
2 314966
1 118791
2 142988
1 327558
1 122217
1 835109
47 691
1 2264464
3 252855
1 1157449
2 830247
1 1798986
1 602077
12 13551
1 2422751
2 380133
1 123727
8 10562
5 115401
1 1769658
5 123696
1 1220960
1 2143260
1 1346092
3 501496
1 771833
1 1982052
1 1926563
1 1248072
1 1998212
1 2172495
4 189538
1 2357568
2 130972
2 337954
2 185098
1 1719485
1 192238
4 205580
1 1689380
2 248880
10 25629
1 2390009
1 1205866
1 808634
1 561591
1 1041403
1 1661589
1 892342
1 203190
1 946679
1 450045
2 610316
3 349918
1 10900
1 1175617
1 441254
1 52225
1 1451352
1 1028598
1 1630013
9 36392
1 1883195
1 534814
4 95415
2 44985
44 1983
2 580667
1 1760089
1 1317443
1 1515953
1 2334839
18 4475
1 1222066
1 1496890
1 2401971
1 182024
1 1333841
1 1561375
1 1090829
2 209939
1 2303928
1 1098858
1 570748
2 672546
1 1056182
1 2293813
4 78140
1 2307816
1 226640
1 304328
3 103564
2 627023
1 1066575
1 1077632
1 1485119
10 1105
1 1148022
1 1155783
2 769171
1 1690421
1 821181
1 1573702
1 1063560
1 992986
1 472567
5 130546
1 986989
1 1958368
2 244218
1 2161660
1 424531
1 478216
3 723010
3 35734
2 752290
4 292153
6 37806
1 2402101
1 2249017
2 218846
1 195236
4 248335
2 761492
2 387156
2 610693
1 1668493
1 343656
3 460207
1 1926321
2 800220
5 71878
1 425776
1 189519
1 580974
1 1551514
1 39587
1 1323801
4 64131
1 1972769
1 388840
13 7955
1 2372993
1 448507
1 202634
1 899783
1 1157306
1 1941086
1 134225
4 277547
1 2109519
2 362709
1 234156
1 724893
1 924117
2 622553
6 20914
2 668269
2 78178
1 1979066
1 10832
1 887857
4 277018
2 857794
2 181179
1 940474
1 395102
1 405049
1 1614062
2 721874
2 271419
1 266686
1 2393802
1 406360
1 488906
1 1598537
1 1142088
1 2414149
1 599209
1 676853
3 471287
1 1474087
1 73969
1 2233463
1 1889236
1 2327226
1 669153
1 1969884
1 2142090
1 192539
1 814521
1 1600466
2 74942
1 133098
2 441018
1 886944
1 1323346
1 404411
1 1147567
5 78577
1 2424515
3 502007
4 174496
4 48125
1 1315586
1 161743
1 215123
1 1885713
1 2154640
2 377648
1 1511239
1 844415
1 2069343
4 9692
4 55988
1 2077629
5 49933
1 692018
1 670523
1 2322987
2 733698
1 107501
1 1216845
4 113400
1 894827
1 1696067
2 488232
2 680559
1 864201
1 1808294
1 2114017
1 1374928
1 1545915
1 594218
1 87549
2 5009
5 137869
1 2149227
1 2083865
1 770006
1 670581
1 2278753
1 1553311
1 940536
3 3834
3 231538
4 119084
1 1422956
1 757860
5 87430
1 1179816
2 590249
1 1679932
1 1027748
1 1319289
1 2337912
30 3043
6 24623
2 512754
1 1372604
3 269061
1 1061748
1 1998048
1 350336
1 2090780
2 737461
1 709278
2 284707
1 51027
1 631140
1 1094245
2 426476
1 1142905
267 366
1 1306454
1 980290
1 1387962
4 140449
2 20038
1 2392581
1 1185878
1 2388605
1 1664842
1 2389181
2 892896
2 187978
1 865768
1 25231
1 2079076
3 762206
1 1811123
1 2141856
4 41923
1 858929
1 604382
1 752995
1 763859
1 2405103
3 258919
1 1811174
1 457516
6 45874
2 35806
2 671015
1 232459
2 395952
3 459092
1 1381599
1 891053
1 1407714
1 1025547
1 909388
1 268104
1 1369803
1 1554594
1 1677869
1 22605
1 1484634
7 23889
1 1775009
3 88614
1 2082519
1 774761
4 30508
1 303605
1 1017779
4 40098
1 1314449
1 392603
1 879995
1 1354278
1 1259100
1 1338743
1 1028943
10 6110
1 1224998
1 1177094
2 21466
3 670760
1 2138345
1 790147
1 981856
1 54060
1 418301
1 771757
1 208264
1 200631
3 724989
1 542567
1 2288275
1 2198021
1 2054660
1 2220047
1 977430
1 2381277
6 94518
4 84044
1 2411405
1 2350402
5 46158
1 469104
1 1032686
68 481
1 391665
1 1287275
1 1394689
1 513739
1 1695620
1 2089112
1 1261120
1 2268578
1 1982091
3 115343
1 1057969
5 88120
1 769736
1 1762733
1 408088
2 622721
1 517718
1 717156
1 1685740
1 1606288
1 1479388
1 375306
1 2006911
2 613493
1 1391277
1 875073
1 1785724
1 1856463
1 73079
1 1830553
1 790802
1 1604739
3 397049
3 379650
1 2361077
4 45843
1 639824
1 227193
4 302122
2 18867
1 1770845
1 344442
1 2031858
1 1460125
1 1443436
1 915245
1 2146679
3 150677
1 2216527
1 2268673
3 256834
2 611820
1 399506
2 869890
6 11977
1 1439813
1 2160487
2 888779
2 552249
2 294133
1 1395100
1 126518
1 1503204
1 832557
1 5867
1 1437535
1 1000453
1 763475
2 580722
4 199887
5 51253
1 541950
1 411322
1 393985
2 18403
8 40139
5 82177
1 461230
2 879370
1 339923
2 610077
1 1828075
2 618694
2 65185
1 821501
1 837587
1 51038
1 621105
1 572770
3 323510
1 2130090
1 2177893
1 1599849
1 13935
1 1101951
1 301383
1 775899
3 478117
7 668
1 1889941
1 752570
1 1089958
1 1556431
1 1664292
2 118015
1 2221604
4 81687
1 526270
14 8821
5 67940
1 104478
1 56642
1 1089705
1 1285473
1 2445799
1 2263013
1 112313
1 2258129
1 559791
1 1625093
1 1441353
2 773842
1 195169
1 501078
1 1366657
1 2233523
1 60480
1 1304429
1 113006
5 115969
1 513593
1 520034
1 2290572
2 34571
1 817423
1 1709699
1 1029416
1 1630788
8 26882
1 981284
1 627063
1 987901
1 681369
3 512732
1 805537
5 88507
1 1916589
1 291261
1 303186
3 171063
1 1358205
51 1422
3 169650
1 490368
2 475130
1 1918844
1 2138768
1 511616
1 689260
1 1739250
1 1782774
1 302156
1 1597225
1 1216949
1 1739615
1 507051
1 432164
1 1010303
1 112185
1 1879552
1 1671871
1 1507152
2 569802
1 177490
1 327003
2 271788
1 219393
2 77110
1 1350577
4 188724
1 1655552
1 950689
2 855124
1 586267
3 525394
4 316088
4 288866
1 858112
1 285917
2 598596
2 769675
1 1826594
47 266
1 1530036
2 866318
1 2208882
1 2282432
1 1033839
3 431068
1 1244760
2 895698
1 1523178
2 30035
3 69666
3 527161
1 1466282
2 253012
1 1279228
1 185257
1 535136
3 642127
1 539897
1 1128921
4 250967
1 1652841
2 126593
1 129497
1 1742135
1 323900
1 2206533
60 87
1 2169668
1 1770443
2 394772
1 1482152
1 2344300
1 886010
1 1449191
1 1929246
1 2114991
6 91761
2 395605
1 1722512
2 274949
1 2233635
1 2301598
1 1785646
1 828165
12 1575
1 1801057
4 73764
1 1246906
5 103810
1 2256431
2 417681
2 14927
1 2161773
1 326215
2 85501
1 1051680
3 388307
2 809791
1 775179
5 109511
3 276787
2 795325
2 629747
1 1569268
1 851704
1 2060762
2 660335
9 16458
2 744423
4 14389
1 920488
1 1387870
10 9508
1 53058
1 1855924
1 1960079
1 1262955
1 1343538
2 610264
2 408796
1 2364246
1 174859
1 2069629
2 6843
3 290901
3 508485
1 2198534
1 1232968
1 2139489
1 1389076
1 1539450
1 2452016
1 923016
2 856906
1 1664149
1 1326872
1 13252
1 1535460
1 1454760
1 2134715
1 1792569
1 1742733
1 114622
1 1773052
2 24015
1 1911796
1 782325
3 445315
3 141663
1 251248
1 1831026
1 866451
1 1389061
1 2137539
1 1394948
1 1692122
1 1342061
4 169636
1 1084607
1 1846762
1 1573380
1 1050494
1 499681
2 443346
1 2097630
1 949794
1 392583
2 536701
1 421657
1 1672167
4 274223
1 199146
1 1504226
3 55329
1 2137393
3 20136
1 1233957
1 1564349
1 2118628
1 1324202
1 1756281
1 1359141
1 1493897
2 348892
1 1575375
4 308425
1 1687114
3 523385
1 1504302
1 2318128
1 1563586
1 1959383
11 9496
1 590738
1 479143
1 1930211
2 375064
1 1247266
2 100630
4 2710
1 1501820
3 204591
2 105084
1 2220015
1 1010781
1 2383376
4 121485
1 1887304
1 612194
1 412868
1 479653
1 89948
3 44986
1 344019
1 703351
2 383674
4 296977
8 46029
1 608949
2 799289
1 1067696
2 130306
2 372309
1 46907
4 178411
1 645491
44 1755
1 1869455
4 49330
1 1062526
1 2017516
1 1357778
1 262867
4 147503
5 25033
46 1190
1 176939
1 1733345
1 1807883
4 203508
1 1777814
1 1407702
3 185380
1 696507
3 302958
1 1479356
2 879881
1 599230
4 96049
1 811351
1 233815
1 613882
1 1740564
1 1340503
1 605254
1 544960
1 68028
1 559194
2 629497
1 2417643
2 424650
1 889685
1 494146
1 1789519
1 1600934
3 719863
25 1541
1 1927637
1 438154
1 1709342
1 201278
1 905970
1 961499
2 778925
1 672082
1 22304
2 39056
1 1543710
1 781092
1 44323
1 2266394
2 856238
1 1622674
1 1847914
1 1286373
3 14919
1 1307456
1 947626
1 2092487
4 129000
1 2296084
1 2443134
1 1175406
2 796092
1 2010100
3 419767
2 266795
17 6970
1 1561935
1 2035290
1 2283540
1 2030387
1 1264039
1 567393
4 260889
2 629745
1 24939
50 1249
1 497046
1 2252645
1 605362
1 734850
1 1433180
1 1067624
2 652335
1 1975492
1 69704
1 426768
1 1808083
1 1105648
2 86056
4 271140
1 2008056
1 1796936
3 596792
1 1652197
1 692443
1 1802111
2 322839
1 620374
3 565505
1 738358
1 1802819
1 120783
1 1079806
1 1688324
1 1382144
3 576182
9 35341
1 1669792
6 2435
1 611447
1 1682669
1 1543096
2 418318
6 49253
2 609642
1 163940
1 571878
2 346897
1 779631
1 2206430
1 988665
1 1877787
4 144004
1 2326829
2 447213
1 322972
1 1341620
2 663724
1 250704
1 1756783
4 94795
1 1440028
1 1693832
1 2083043
1 394634
1 1997113
1 479941
1 1513627
1 1757809
1 1582365
1 368624
2 572889
31 2392
1 867770
2 740286
2 195468
1 1104512
1 347169
1 1094935
2 373384
1 1284678
1 1439159
2 662207
3 409768
1 1390607
1 1066341
1 1435939
9 31984
1 781900
1 339231
1 538739
1 516133
1 6610
3 319775
3 708459
6 598
2 859479
1 2337105
1 541649
1 796712
5 107109
3 756726
2 732449
1 1117357
1 763578
1 1900904
3 462971
3 363080
3 464052
2 252877
1 1373454
1 689362
1 383703
1 362911
1 399870
1 1811252
1 572825
1 1825784
2 400506
1 1095845
17 733
1 1992658
1 455633
1 1113721
4 26737
1 903997
1 2376813
1 344306
1 1320546
4 113614
3 239318
2 816800
1 2337322
11 8763
1 1770422
1 2056357
1 953525
1 1116904
1 2244989
1 2387587
1 1323549
2 651632
1 2086602
1 797517
1 788714
1 1959627
1 2351039
1 1025311
3 4391
1 1595983
1 626265
1 149954
1 888103
1 566390
4 80853
1 705708
2 296874
1 847821
1 1140346
1 1382335
4 244018
3 313099
2 38761
1 675831
1 1635567
1 2157048
3 319015
160 431
2 806375
1 593051
1 1199058
1 191074
1 434148
1 1572486
2 728529
1 168401
1 1133058
1 1254004
1 819228
1 1751359
1 2218769
1 1299551
1 2263619
1 2242758
1 943998
1 2348731
2 701086
3 433650
3 660748
2 824886
1 1848782
1 1609402
1 287313
1 2447563
1 1408606
1 467648
1 2392222
3 629893
1 1845590
2 15708
1 1039130
5 47214
3 650828
1 1571900
1 814235
4 179151
1 1824427
1 612169
12 275
1 2045663
4 271144
3 610995
1 1831946
4 157854
1 2264616
1 265512
1 51364
1 1540174
1 2157858
2 74786
8 7041
2 399024
1 784743
1 1706917
3 398219
1 1828330
1 2304796
1 2150444
1 2065902
1 1828120
1 70770
1 604095
2 351395
1 1133694
4 119916
1 507524
4 26286
1 1029725
1 673829
3 166283
2 549367
1 1687078
1 347579
2 673403
1 2364424
1 2347802
1 2432945
1 1309293
2 502883
4 226746
1 1705147
2 707271
1 1074571
1 876722
2 476696
1 154637
13 6346
1 1978164
1 753769
1 363546
3 196356
1 1188698
1 1517853
1 1326957
1 538587
1 1670650
1 885309
1 779110
1 775832
3 620729
1 2336265
1 1699505
1 230347
2 828175
1 1269513
1 1910066
1 142637
1 953141
2 783856
1 454960
1 1127058
1 927948
1 1193674
1 1122392
1 2164138
1 1878148
1 1375164
1 925926
1 2129037
1 970907
1 2208866
1 415372
1 482533
2 670057
1 1221640
8 5242
2 102495
4 195703
1 446325
1 2045910
2 816664
1 704988
2 211769
1 560487
1 1799877
1 305312
1 763571
1 1376532
1 96604
1 841740
2 163971
1 511985
2 430107
1 764536
1 477889
1 526533
1 1612356
1 29203
1 1518363
1 1262869
2 134962
1 2009560
1 1462955
2 866501
1 2252259
2 597249
31 1243
1 2220088
1 720514
2 180050
1 1758370
1 2291945
1 1590539
1 903567
1 633258
4 307570
2 88583
1 559883
1 483289
1 25764
2 284974
1 1228104
1 1904720
1 557520
1 451675
2 666377
1 1494435
3 572471
1 1766056
1 658089
1 799379
1 349994
1 1794570
3 246725
1 126345
4 34917
1 652647
1 8032
4 19268
1 197920
1 689981
2 617180
1 2409447
1 717859
1 1819131
1 438272
1 1948034
1 2255973
2 410934
2 117599
1 1990577
3 742495
3 11684
1 166142
1 1701295
1 875940
1 2409720
1 836367
1 1140054
1 571647
1 694158
1 1800872
1 272721
1 2315986
1 102895
1 278534
1 637588
1 370418
1 2116145
1 2059514
1 688903
1 345128
4 258240
1 929567
1 992821
4 298519
63 459
1 2335337
1 2017035
1 39305
2 785624
1 2179386
1 171483
1 2134887
2 757783
1 1477740
2 580394
5 39188
3 447909
1 2420061
3 520269
1 1514431
1 1920900
6 11131
1 1762821
1 1150009
1 1460157
1 235113
1 2005738
1 182836
1 2160067
1 872587
1 1121583
1 803554
2 538400
1 322277
1 2455634
3 345918
2 300110
1 634735
2 539477
1 1617849
1 1872853
1 748714
1 177664
1 102866
1 105178
1 768032
4 312213
1 2299286
1 1565330
1 1986418
2 163711
1 1497447
24 5379
1 1146572
1 1859786
1 1610654
1 920385
1 738002
2 894917
1 974090
1 1286269
1 121585
1 2243809
3 34625
1 333027
4 312276
1 61364
2 688188
1 2090490
1 1694922
2 794223
1 2408118
1 2424551
2 414232
1 248742
1 1645423
1 530057
1 371455
8 787
1 466022
1 1698438
3 57350
1 1188683
1 2442813
4 316333
1 1388588
3 63829
2 882898
1 1162750
1 1898636
1 72454
4 26773
3 757218
2 144785
1 2089899
1 255411
1 178357
1 2220596
1 1910243
1 1715075
1 22258
1 1640262
1 1210041
2 780004
1 26820
3 475031
1 1936453
1 664349
1 1502600
1 1697425
2 446663
1 2319023
1 146967
1 2204935
1 2201906
2 42651
1 1872203
5 44375
1 2077929
12 12923
1 2294956
4 232118
4 194760
1 1207323
1 1869825
1 325839
2 722618
1 540428
1 2360173
2 15907
1 1272001
61 2047
5 118975
1 1263286
1 133808
2 708551
1 2123414
2 66402
1 1451830
1 963121
1 1001501
1 2060674
1 1898419
3 734209
1 1752687
1 632730
2 283542
1 848999
1 640264
1 2338931
1 2410198
1 48557
1 737902
1 2017952
1 2358732
1 1462535
1 1398176
1 439528
1 2348194
1 740559
1 509152
4 259086
1 2196961
1 1491012
2 491302
1 1308309
2 486065
1 489062
1 1890487
6 74229
1 1791182
1 86080
1 2305310
1 196335
1 1665339
3 737204
1 2359051
1 786648
4 163322
7 22011
1 1541380
1 1227618
1 846922
4 246114
2 410815
3 165464
1 420118
3 493855
1 297004
2 186107
1 1794796
1 80550
1 470820
1 2158497
3 513413
2 41250
1 1843080
1 1510550
1 1548526
1 214360
1 790602
1 2354089
1 1584498
6 11536
3 149851
4 15624
1 1402226
2 435285
1 2309494
2 3709
4 179510
2 103160
1 130093
1 1969667
1 2102685
5 98694
2 235747
3 667584
1 532438
4 184926
5 21501
1 796858
1 2174496
1 581374
6 59586
1 1498451
2 493742
1 1431240
1 2251974
4 189824
1 1014389
4 219994
3 150574
3 725643
4 194724
1 2316698
4 182571
1 17853
2 372644
1 2054431
2 647385
5 132828
1 1293807
4 12797
1 961077
1 625060
1 2130119
1 1538718
4 125031
2 790259
1 585561
1 2301249
2 195787
4 186813
1 1169759
1 1423939
1 47371
1 1068673
4 155696
1 1240586
2 231094
1 799721
1 1053645
1 378864
2 329393
2 315860
1 1029848
1 61474
1 1914842
1 160849
2 848928
1 1210852
1 1713233
1 239327
1 1210003
1 2089394
1 311779
1 638229
1 608730
1 1985888
68 2880
1 1862622
1 691513
3 698275
5 121569
2 817522
1 1758925
1 467568
1 2097142
1 225112
1 1277316
1 2364685
1 2374689
77 1179
2 442003
1 1251505
1 2109714
1 1258980
1 427380
2 424121
1 1315093
1 1918714
1 917478
1 2035608
2 764949
1 695457
1 1904223
1 292229
1 1056963
1 817927
3 758181
1 2199171
1 483898
1 126795
1 1041442
1 2426005
1 1341125
1 751244
2 596545
1 1462505
1 2140596
2 644814
3 637720
1 2274060
2 298806
2 557575
2 24713
1 660747
1 230709
1 1859532
1 2123347
2 871034
2 29309
1 2043653
2 158563
2 791153
1 509175
1 659133
4 280075
1 2042672
6 72883
4 257180
1 1076407
2 445604
1 1012450
1 391138
1 370719
2 165551
7 57779
76 1202
1 1177286
3 636381
1 1933349
1 689965
1 2010338
1 2351366
1 940453
3 10151
1 1011046
1 2323373
3 308247
4 232661
8 10501
2 408854
1 692098
1 977890
1 257661
2 241928
3 415490
1 408390
1 2279789
1 1081227
1 562364
1 164340
2 43303
1 2342280
1 1893829
1 1639724
1 1984822
1 1312234
1 461465
1 1304581
3 75597
1 1352292
292 330
2 81762
1 1122631
2 794334
35 2991
1 1456171
1 113273
1 392784
2 570447
4 87171
11 9921
5 92866
1 1169379
2 611323
1 434908
1 398841
2 693875
2 743552
2 394375
1 1732783
1 1524789
2 364418
4 334229
1 2237392
1 1798333
1 546411
1 1237697
1 2388548
1 2131802
1 1187535
1 1902366
1 373079
1 1891373
1 2059863
2 252360
1 273237
1 2190068
1 1706594
1 1147118
1 1550171
4 160009
2 673792
2 562710
1 972954
5 138504
1 1623765
1 1173548
1 472344
1 746011
4 75733
1 1286354
1 511406
5 65966
1 1145027
1 1895706
1 2166779
3 391786
2 843564
1 1603387
1 1019877
2 776911
6 72463
1 1467745
1 459582
2 548208
2 671960
1 189135
9 16412
1 924281
3 452428
1 1584514
1 671503
5 45708
1 2248179
1 1217906
2 234144
1 972143
1 522617
1 1859643
1 915525
1 697140
1 1823197
1 1354103
4 56248
3 492042
4 280728
4 106598
2 527654
1 902826
2 656408
1 2273014
1 1427705
1 668472
4 129766
3 273924
1 1228002
10 1317
1 1618516
2 49086
1 210316
1 1415449
1 184792
4 110649
1 1204731
5 144326
1 335162
1 2200343
1 655416
2 151710
1 502103
2 654892
2 768084
1 1439490
2 761691
1 2369051
3 635174
2 894179
1 2138250
1 208710
1 292105
2 688729
13 4003
1 2308754
2 714953
5 131325
1 1426901
1 345464
1 813786
1 1440008
1 590053
1 2069061
1 583754
1 613258
1 800672
1 117309
20 630
1 506380
1 11725
1 1347027
1 1256856
2 499644
1 1085873
1 1767802
1 63196
1 2421659
1 1883909
2 782064
1 1273926
1 31524
2 437411
1 2267922
2 4746
1 1681728
1 916524
4 60281
1 1379545
8 6794
2 434283
3 660846
1 820647
1 1802758
1 1699054
1 2241178
1 848749
1 46968
1 596414
18 6012
1 759374
1 1676581
4 101887
2 114010
1 741889
1 2315440
1 1509513
58 1055
2 534236
1 1312072
1 978346
1 1843775
1 877700
1 2030141
1 2218222
1 1072114
1 995478
2 833970
2 564624
4 240824
1 1448579
1 1978854
3 281980
1 2247997
4 87972
2 214263
1 118950
1 2227510
2 122187
2 584630
1 2350283
3 29951
1 1730704
2 266205
1 1397475
1 1230585
2 178806
1 1186598
16 6507
1 1291159
5 48281
2 32597
1 190070
1 871709
1 874910
1 1674491
1 1322928
1 606863
1 1636919
1 1696595
1 223976
1 123079
3 701268
1 1908623
1 1985728
1 1315318
1 1428761
1 1479122
1 818875
1 256261
2 812502
1 947303
1 1469344
2 139678
1 471696
1 1127100
1 647288
1 219347
1 654063
1 1845217
1 1613825
12 1828
1 2026799
1 809682
1 1033877
1 949212
1 1465880
1 2061353
1 1045866
1 1859028
1 992354
1 1339123
1 233097
1 835209
1 1652455
2 761291
1 1513232
2 545534
1 1652253
1 25094
1 1292596
1 1072208
1 1707075
1 1165965
2 108447
2 494650
1 146553
1 1945295
1 1011448
68 2152
1 24316
1 251179
1 1341151
1 396218
1 1850230
1 1063017
1 181049
1 1627171
1 679630
1 1379416
1 1810881
1 108865
3 754723
1 1469110
1 1974125
1 443801
1 1010634
4 88061
1 998185
1 1531721
1 2076116
17 1957
1 1462299
1 1606491
1 415699
1 1546104
1 1574074
2 455715
1 1009276
1 1356109
1 1224429
1 1593730
5 133843
7 19923
1 951201
2 801129
2 413685
1 658931
1 1586391
1 146072
1 332417
1 1801565
1 486295
2 899677
1 884590
2 430796
1 1589927
1 2050206
1 362438
1 555420
3 647943
2 397119
3 183009
1 81845
1 810825
1 245076
2 564919
1 72739
1 1664062
1 1973047
1 2239278
1 744861
7 41044
1 2229060
1 2014657
1 2438537
1 2242204
1 81879
1 813550
1 2374418
2 673401
1 1185782
1 86789
1 2116914
7 55284
1 1121632
2 665536
2 265288
4 218196
1 668001
1 2143261
1 401446
2 147606
4 255305
4 101011
2 374876
1 1311981
1 587874
3 382746
1 1617918
1 2204254
1 2133306
1 1212794
3 647454
3 278383
1 934988
2 686692
8 35625
1 1149376
1 2209303
1 121654
1 478805
3 481047
1 241561
1 751524
2 192199
1 374280
4 243897
1 1464123
2 206579
2 37729
1 2315394
5 116124
2 552446
1 973620
2 799085
3 667162
1 1781314
5 139018
1 2077191
1 567896
1 1178174
1 6125
1 1484910
2 797365
1 720690
1 2179424
1 1294496
1 790019
1 722895
1 1561987
1 981637
1 28662
1 2104273
1 803320
2 86485
1 1110516
1 447219
3 667341
3 653575
1 2099176
1 2021030
1 1484036
1 1715479
1 738192
1 1023955
1 1530525
1 1458460
3 332084
1 776226
1 1415571
1 161632
1 705538
1 2306675
1 1992168
1 1842017
1 388758
1 1017275
1 1528987
2 276080
1 2294449
1 432008
2 713200
2 248536
1 865258
1 1054378
1 275998
2 839210
4 114480
1 1321076
1 543252
1 167041
4 94988
1 1983605
1 2177
2 716274
1 1049537
1 870625
1 1354852
2 423235
7 32115
1 1682333
2 849075
1 1521474
12 13826
1 1510329
1 81101
1 1829896
4 192065
1 1832786
1 902131
5 134120
2 831785
1 1927473
1 958117
2 302163
6 51419
13 822
1 1248227
1 99312
1 1752151
4 330311
1 1227839
2 730176
2 502351
1 39648
3 64193
1 149634
1 719498
1 1630829
1 2382912
2 323076
1 896243
3 60712
1 1736603
2 356109
1 809641
1 304431
2 48078
1 1428583
2 510215
1 651123
2 414707
1 1643910
1 2383182
1 2027560
4 167833
2 725795
2 880410
2 899671
1 1894495
1 643372
1 1385010
1 2265298
1 2023051
2 688264
1 582669
2 174583
1 1886059
14 4024
1 1946135
1 866831
5 34102
1 1457962
1 1904982
1 791192
1 2256395
2 744936
1 2392207
1 2322360
3 112713
1 1309882
1 1207456
1 1443623
2 609310
1 1652656
1 1134489
3 213073
1 525576
1 1503732
1 1959137
1 1143058
1 1415751
3 677001
1 393903
1 365386
1 347723
1 1335529
1 2056369
1 1045696
1 42927
2 264648
1 460333
1 1331204
1 104118
2 623252
1 1197903
1 45624
2 316127
2 763293
1 2285203
1 773700
1 280009
1 857414
1 1660653
1 1838329
1 2259504
1 650800
1 77924
6 26398
1 1238261
1 2003552
1 880049
1 214548
1 107543
2 360441
2 260795
5 26030
1 2280648
3 691631
1 849904
1 1436537
1 1574615
1 2123113
1 2298666
4 34769
1 1391430
3 669063
1 1340754
3 92884
1 233960
1 1600038
2 878902
1 633100
1 1367433
2 705742
1 2404824
2 490496
2 463265
1 2224710
2 429351
2 687473
1 2451768
2 580367
1 1576809
1 383873
1 2414194
1 877992
1 1612347
1 603502
1 2459849
1 1466938
3 362079
1 2245957
1 1076936
1 451492
1 1570632
4 279780
1 886942
1 1521043
1 122945
2 829444
1 583996
1 578521
4 52562
1 794188
1 1506411
1 1597980
4 104709
1 2085438
1 155222
5 126907
1 86431
1 894825
1 1037219
1 251444
1 2403131
1 2255069
4 330590
4 110829
1 1450353
1 1779848
1 196628
1 257827
18 5527
1 2148086
1 1305794
1 1768459
1 1255117
1 414920
1 861644
1 1292426
1 344887
7 51220
1 2275964
1 1917090
1 2387906
1 644240
6 21611
1 1036471
1 1816196
1 159526
1 235746
2 302561
1 796847
1 1561265
3 568376
1 1654075
2 808161
3 138124
1 886779
1 733066
1 1488507
4 181078
3 136606
1 2094099
2 858624
47 847
1 1295107
1 1546109
1 1804424
1 29192
1 2423683
3 345271
1 523634
1 2382434
1 1826793
2 908005
1 1963627
1 1925255
1 1737977
2 293089
1 514200
1 915641
1 43242
1 1981052
1 2245297
1 841743
3 294385
1 1194390
1 385590
3 755603
3 14063
1 1148155
1 1924016
1 999218
1 121467
1 1587241
1 1888759
1 233444
1 1484252
2 777337
1 408596
4 136995
1 2106884
2 731115
1 1850813
4 26472
1 2120300
2 653569
1 1002902
1 1419248
1 437362
2 678948
1 1795758
1 516622
1 2294339
1 67475
1 1397097
1 246897
1 2134919
1 2014232
1 670264
2 461219
1 1193133
4 97206
1 1394179
2 167732
1 1881629
4 242875
1 1356363
2 431808
1 337925
2 74647
3 758217
1 820795
1 1969104
1 110297
1 1205260
2 840218
1 335892
3 623748
1 2192408
2 319105
1 2432844
1 228038
1 497733
1 1581216
1 1152481
1 150235
3 192336
1 893253
1 1583186
1 2260193
3 80305
1 525524
3 228424
1 1006734
1 2244797
5 84049
1 2425835
9 5808
75 498
4 327816
4 214481
1 931406
5 77403
2 437798
2 522611
1 1070901
2 287816
2 286505
2 20131
1 1068295
1 624414
1 952874
1 558072
2 4748
2 198828
1 1470212
1 2289821
1 514335
2 512565
1 940257
1 1701613
1 2031121
1 994276
1 1788956
1 103448
1 910781
1 190569
1 1989513
4 149968
2 100152
1 537868
1 2294292
2 839160
1 1247345
1 245397
2 788532
1 2461453
1 1358526
1 885005
1 402280
1 1039106
1 1783838
1 1548472
5 66395
5 16939
2 355865
1 1275309
1 1249506
1 1818749
5 19704
1 1011632
1 744539
3 62865
1 2140693
8 24607
1 876583
1 1203381
1 816688
2 134783
9 8486
2 89884
2 241292
1 713037
1 998704
1 1545716
1 420976
1 574410
5 83012
1 2205855
3 511681
1 2282164
1 1460068
1 64139
1 296879
1 2093128
1 60795
2 396241
1 1606767
1 2286863
1 2179135
1 522076
2 308654
1 1628814
1 1570604
73 2536
1 2114810
3 272236
1 2104477
1 1795497
2 399802
1 1335773
2 208297
1 1846270
2 533997
1 2209378
1 1367564
3 627325
1 327915
1 720910
2 813803
1 1714596
1 205842
1 275589
1 637384
1 1288636
1 302680
1 308578
1 368360
1 2176234
1 1381966
1 2421258
24 4223
2 733792
4 46897
1 1391845
1 1949255
2 269055
3 575758
1 1977243
1 2324075
1 1182194
1 397352
1 692094
1 1000594
1 2030155
1 1119505
1 51266
1 1552240
1 162972
1 949023
1 23896
2 141272
1 669722
2 522593
1 238864
1 736571
6 39253
1 1079509
1 2226371
1 325456
1 1627365
2 164217
1 2388145
3 593536
1 697221
1 1145378
2 718688
3 292321
2 414119
1 1456879
1 1266655
1 2408594
1 472349
1 1174775
1 1946419
1 2364013
1 609724
2 135198
1 2049579
1 1312502
1 39407
1 1083249
1 1875865
1 2237627
1 2225295
1 2308948
2 611234
1 2275912
1 1591909
2 726666
1 1607212
1 1325873
1 218524
1 729459
2 721354
15 100
1 757931
2 414376
4 126120
2 47735
1 1941968
1 2134649
1 1802830
1 2397294
2 116099
2 608316
1 358977
1 731151
1 422410
6 80736
1 2289902
2 882660
1 2412705
5 105754
2 272934
1 570350
1 285788
3 35068
1 2015661
1 1427980
1 212766
1 2325390
2 475312
1 1811910
1 1047303
1 670317
1 638265
1 1749354
2 887037
1 1314418
1 416074
1 566926
1 231681
1 1519794
1 2010849
6 87537
1 390484
1 2160218
1 1002792
1 2433263
1 1411442
1 594979
1 1810722
1 641351
1 865446
1 374424
1 1264941
1 1137213
2 374493
2 323218
1 611558
4 242884
1 1124458
1 452346
1 1442402
1 1702185
1 1326388
1 899686
18 4425
1 202406
1 2150744
1 1586125
1 245679
18 4947
1 2348663
12 14183
2 588138
1 1996786
1 1360290
1 899011
1 2020404
2 1562
1 1717272
1 1589062
1 2220399
1 1177634
2 139566
1 681046
1 439911
1 2300937
1 1298418
1 1009862
1 2459911
1 1016615
1 2276793
1 166195
2 482961
1 1996372
1 417369
2 219432
1 902974
1 2147725
1 1343616
1 228746
1 1638672
5 26724
1 1517537
1 1867661
1 1666901
1 2302103
2 836151
1 2397805
1 145526
1 1702043
1 2346188
1 1373427
1 420230
1 1995391
1 987577
3 155351
2 835676
1 133942
1 1473785
1 537888
1 2186976
1 1361020
1 267837
3 401429
1 582753
1 2268105
3 478934
1 1643721
2 325857
1 681873
1 136678
1 922111
1 555947
1 158943
1 1770775
1 1149681
1 1415969
1 1560436
1 2018924
1 947146
1 327978
1 1798673
1 659607
1 359612
1 1002804
1 1041836
1 622114
1 1124076
1 2398545
24 1278
1 273877
1 2086225
1 913306
1 2406744
1 1925810
1 1599372
1 1811081
1 750836
1 2086975
1 2231908
1 2329368
1 987739
1 1449749
1 1471940
1 1615486
5 29450
1 1012461
1 622450
1 465803
4 282704
1 2353393
1 1456561
1 1331653
1 775291
1 1814241
2 633618
1 2134802
2 843839
1 1633127
3 634136
2 522091
1 41904
5 26464
1 517662
1 1697982
2 37896
1 201232
1 1254333
1 1658152
1 1083067
1 13401
2 510091
1 1435002
1 1133073
4 169560
1 2181208
1 769346
2 393327
1 465222
1 1809312
1 1411760
1 1473483
1 1567385
5 25947
1 2293617
3 219973
2 110951
1 968972
1 2154428
1 838131
1 1821485
1 1350798
6 38322
3 320172
1 594608
1 577282
3 136303
1 379209
1 2202819
1 1280951
1 1144199
2 801234
1 2329006
1 440182
39 2434
2 190310
1 622527
1 46262
1 2014699
1 314779
2 291142
2 779082
2 642416
1 1437494
1 2047987
2 889872
1 1618737
1 1591951
1 1702600
1 455444
5 45572
5 105600
1 2261478
1 1726412
1 190841
12 1025
2 546867
1 1913196
1 814865
1 2293690
1 2269785
1 1119739
1 1125854
1 474013
1 214162
1 2441964
1 2292155
2 751177
2 518339
1 1104167
1 1990997
1 648390
1 1986914
1 6067
1 1775868
1 2444222
1 2214828
2 646471
2 22649
1 333486
2 583430
1 1857261
2 669658
1 944216
1 1971116
2 215775
2 58625
1 1698294
1 2058887
1 1189282
8 19339
2 371503
1 746346
3 257767
1 432763
3 232160
1 1142073
1 1739982
1 1986115
2 317737
4 217238
1 813295
1 656047
1 465835
1 1936337
1 372793
1 2177110
1 2269424
2 342112
1 1732992
2 47514
1 356107
1 2360740
2 143669
2 778578
1 322821
1 813172
1 1453832
1 398971
1 1855986
1 911263
1 1411443
1 156177
1 1088100
1 1433509
1 2086005
1 1220971
2 103415
1 2379882
1 1767555
4 214172
1 1434329
3 725895
1 2373710
1 977904
1 789736
2 122554
3 602859
1 443604
1 2306632
1 2445760
4 261499
1 1163870
3 128070
1 408666
1 9513
3 432739
1 1120935
1 1592248
1 1316738
1 410437
1 1597876
1 434937
1 85284
1 1802783
1 1083455
1 9205
4 192936
1 1629348
1 57650
1 2392884
1 716777
1 355179
1 466608
1 2117234
1 1603739
1 435571
1 2372259
1 1151171
2 147589
1 2280545
1 2015763
1 775756
2 763868
1 2229084
6 64217
1 836105
1 937422
1 2000144
4 223906
1 1409030
1 1106567
1 1713016
78 103
1 1605065
7 51704
2 682655
1 1655883
4 10992
1 1642387
1 2394216
4 323553
1 386510
4 149295
1 1621476
1 748709
1 902755
1 817566
1 2101970
1 186353
1 242410
1 1910108
2 66948
2 820877
2 868263
1 1347687
1 1884412
2 378621
2 247487
1 2064082
2 22753
5 15513
1 2120061
1 2358750
1 1273703
1 1590983
1 2189105
1 1215944
1 1005214
1 1139295
1 1547002
1 2390011
1 521928
2 735789
2 316349
1 1082664
1 2128833
2 818174
1 99070
11 14837
2 737790
1 1521860
3 393644
3 164730
1 710668
1 739646
1 1573713
1 1971003
1 1307336
1 1476106
2 101360
1 1787806
1 1736454
2 21158
1 1443016
1 2006776
1 1834218
2 572688
1 311139
2 686308
1 2272557
1 649005
4 190355
1 1265156
1 1555026
5 119510
2 280224
1 1893158
1 706511
1 468779
2 726151
5 64998
1 539847
1 680945
1 2020178
1 1236388
1 423215
1 2362761
4 303912
1 2210006
3 708275
1 2104851
5 20718
1 119537
2 294771
1 778168
1 639019
1 482980
1 1088731
1 704801
4 96375
1 1704573
1 129030
1 2228964
1 535464
1 617181
1 1773493
1 730326
1 1022329
1 1081875
1 267823
1 220096
2 534838
147 414
1 2117569
1 1430438
2 674064
2 345767
2 316811
1 1560907
1 1908312
1 892476
1 1457643
1 961431
1 1458493
1 1306977
1 1434148
5 81426
5 64883
2 300869
2 2762
1 1539371
1 1052123
4 272246
1 296683
1 2290346
1 271839
1 1666395
1 1486444
1 1164840
3 391752
1 513545
6 20941
1 1066910
1 593852
2 52444
1 286520
1 2228696
4 222581
2 553065
1 1488681
3 572512
1 2182491
1 517674
1 1006774
1 1228721
1 350722
1 625221
3 486363
1 1982112
1 2242787
3 182936
1 940202
3 429599
1 430974
3 89889
1 1840547
1 1664060
2 427072
1 2074899
1 1771242
1 856589
5 19809
4 46667
1 858213
1 80799
1 1333785
2 616738
2 293150
4 118165
3 390178
1 1520952
1 2155657
1 227435
1 1790720
1 2275686
2 230650
1 1253093
1 1628466
4 33422
3 564021
1 488793
1 820648
1 508323
1 1039506
1 1275497
1 700991
1 460007
1 2313888
2 191276
1 803297
1 968635
1 604502
1 1218660
1 2347075
4 186884
1 1886741
1 2081476
1 1950186
1 978025
3 80305
1 1070429
2 480407
1 1344165
1 2399236
1 724716
7 40288
2 746771
1 2431307
1 1777581
1 976029
1 1999739
2 490676
3 525856
1 124992
1 1747271
1 2294498
2 111355
1 1847013
3 330570
1 897256
1 2028126
1 1717260
1 1979568
2 209377
5 124148
1 719216
1 2198840
2 238576
2 25257
1 887391
1 404442
2 265441
1 1956899
1 1636636
1 1111876
4 261752
1 91399
1 1302698
1 486381
1 1727426
1 1757300
1 657835
1 2453238
4 231962
1 2232224
1 986597
1 2150508
1 1903035
1 1156296
1 218210
1 977103
3 553190
1 1417767
4 184808
1 298161
1 1241861
2 80504
1 886135
1 1359391
2 167364
1 2449128
4 32420
8 41505
1 197915
1 732335
1 1685968
1 446999
1 32160
2 139142
2 83899
1 2312509
1 83880
2 660895
2 871007
1 203892
1 815053
1 2063187
1 772180
1 1584654
1 1549580
3 601888
16 3341
1 1553414
2 451415
4 203381
1 277441
1 372608
1 1449769
1 503462
1 2077174
1 686822
1 846706
2 367715
1 2168573
4 225795
1 670527
1 365837
1 1991439
3 510844
3 98663
2 390740
1 2214252
1 2157654
4 150550
1 1560224
4 274219
1 2442894
1 828417
2 820654
1 942299
1 2344447
1 2004766
2 361420
4 259331
1 776465
9 35005
2 258487
7 5341
3 280039
1 1624592
1 468279
2 101661
39 2648
1 900277
1 2043159
5 96581
1 45504
3 477348
1 2382433
1 2045965
1 727395
1 2289116
3 672259
3 465425
1 1377545
1 1956823
3 67802
1 1335540
1 516935
2 422465
1 1848739
1 757549
1 1823859
1 841175
1 1457370
1 704060
4 145681
4 240721
1 509864
1 1670638
1 1298788
1 812603
1 1973265
1 1070601
10 19381
1 255979
1 1549935
1 1462551
1 1857717
1 1335657
1 790725
1 2219237
13 720
1 1958608
1 1536268
1 1287451
3 389674
2 369083
1 2296208
1 1949917
1 971065
1 1253718
1 165276
1 226442
1 1836941
3 577538
1 238299
1 520600
2 758349
1 852520
1 259416
1 706861
2 284567
1 508445
2 437367
1 1386313
66 2040
1 1723796
1 2207448
1 192155
1 169109
4 118481
1 914778
1 786613
2 11457
8 12449
1 105291
123 406
1 1807696
2 528179
1 1176202
2 103901
4 33246
1 2276356
22 5924
1 965490
11 5890
1 1464782
2 835616
1 465365
3 407530
4 173586
4 52681
1 973453
1 2111730
3 144051
1 520762
1 62318
1 1329815
1 994918
2 766024
3 177297
3 267152
1 426830
1 539797
1 639880
1 680010
1 2423479
2 488935
4 62075
1 2208798
1 172491
5 56206
1 1792504
38 1676
1 207729
1 713832
1 1133238
1 1596472
1 608327
3 392330
2 264262
2 814213
1 2100289
1 1873522
1 37005
1 2394542
1 1340445
1 700602
1 2400
1 1958627
40 1219
2 143582
1 1173351
1 501335
3 466936
1 1297751
1 2124887
1 1484223
2 298439
1 983931
4 331137
2 125253
1 849224
1 572137
1 803858
1 1019491
1 2078507
1 1405441
1 230454
1 1355931
2 188588
1 1605887
1 1725138
3 506666
1 1372613
1 1215608
1 1279356
1 1829969
1 394940
8 31831
1 1424521
1 1448770
1 822975
1 39225
1 602478
1 2083837
3 116268
1 716547
1 1510466
1 395658
1 230931
1 669214
5 93072
1 177911
1 2324679
1 990856
2 22084
1 2167292
1 175161
2 295165
4 20592
1 131691
1 1770710
2 155772
4 116933
1 596888
1 393278
4 270001
1 412701
1 2196171
1 809080
1 1371188
1 2111926
24 3058
1 85631
1 1744275
1 1461070
1 1120975
2 490346
10 6476
3 369157
1 1289345
1 777499
1 1994480
1 1593191
1 1562380
1 669883
1 1482938
7 64503
1 823662
1 2109157
21 7728
2 457480
3 684745
1 1159559
2 114357
2 177733
1 967555
3 253342
1 1772946
1 269302
1 1641168
1 107060
5 131079
4 166524
1 462424
2 349268
1 482617
1 1487418
4 121465
1 1887223
1 1371765
2 30708
1 2381322
4 302383
2 768775
1 893671
1 2135014
1 1170576
3 386857
1 108015
2 554651
2 125797
2 640581
4 80938
1 1527175
1 1750363
1 738257
1 2345683
4 304895
4 192496
1 696481
1 207244
1 155134
1 1556201
1 2212306
1 169326
1 1522649
2 254555
1 1447026
6 20632
3 4988
1 1308059
2 721813
1 1676612
1 1376489
2 320141
1 915813
1 1497041
1 204082
15 5337
1 2013717
4 212853
2 450307
4 190468
1 1798889
1 1511342
1 1596463
2 778730
2 646069
1 678986
1 2297621
1 370912
1 1503246
2 250873
4 243541
1 2369257
1 1825404
1 2374896
1 728357
1 1455194
1 566647
1 1775895
6 94701
1 273997
2 846682
35 2611
1 600838
1 1200667
1 1596753
1 1157861
2 418392
1 2264525
2 173031
6 43269
1 1758784
1 2331782
2 620958
1 898947
1 640526
1 548190
1 374944
1 1247479
3 165933
5 144205
2 221285
1 1512732
1 1301783
1 2387928
1 361621
1 1969938
1 49617
1 1719119
1 338248
1 1541227
2 602380
4 164159
1 2134351
1 1918860
3 575562
1 380691
2 251341
1 2148819
1 1620847
1 1269775
1 2206856
1 372457
1 2432533
1 2081671
4 279734
1 1498709
1 1516203
4 112387
1 1529570
4 97794
1 1588691
1 2136357
1 744412
3 102018
1 1206364
1 1043955
4 127785
2 301866
1 1496847
1 532418
1 1898842
1 2069792
1 742685
1 1812736
1 2164049
67 1503
1 1310750
1 1635384
1 128202
4 279691
1 2144814
5 91264
2 252949
1 2400125
1 878916
1 1577965
1 2317920
1 547415
1 2379340
1 1246546
1 2139151
1 377897
1 1341514
2 409953
1 65417
2 197274
1 444732
1 533066
1 1944691
4 264830
1 777258
1 990974
1 2085850
1 95249
6 48827
2 891292
1 1392893
1 36276
1 1804095
1 487047
1 2137964
1 2318486
1 551115
1 769838
1 527196
1 645215
1 686069
1 1268748
1 1603491
1 1021440
1 2263356
1 2077584
1 1060460
1 1196652
1 2193213
1 205919
1 1463385
1 1216358
1 1211780
1 10767
1 1875279
1 325478
1 1678428
2 423783
1 1026856
1 534280
1 1022095
1 1122415
1 1269161
1 857551
1 932559
1 1254016
1 1911017
1 1664442
1 2303546
2 397292
2 606974
1 1173063
3 609622
1 2414264
1 135845
3 508956
1 104469
1 594836
2 689045
2 515711
1 1903504
1 1631711
1 1684080
1 1739239
1 1974239
1 1510359
3 20434
1 2404076
4 53600
2 519174
1 2460970
1 1947932
1 2054572
3 220100
1 430295
1 914413
1 1993242
9 16725
1 561583
1 543905
1 221298
1 1282488
2 886016
1 296367
4 20697
1 683482
1 2317688
1 1712945
2 350947
1 2158399
1 537434
4 116734
3 428467
2 758737
1 118796
1 1728974
1 254514
1 272567
1 1702926
1 267287
1 1364319
1 961110
2 295685
1 1164084
3 57769
2 122477
1 964226
1 1566968
2 796738
1 2090182
1 647025
1 1418523
2 221493
3 676522
2 869727
2 57562
1 1889720
1 5359
5 11853
1 920810
1 2047021
1 2020692
1 1722569
2 243386
1 2302739
2 286859
1 253995
1 1385784
5 123002
1 1429489
1 1001235
1 2197529
2 251503
1 461498
4 111163
5 72925
2 238711
2 615070
1 1011458
1 2138738
6 82301
2 175073
4 320012
1 1826991
5 134539
1 435176
1 1954303
1 1337996
1 168873
4 260413
1 50534
5 134623
1 1443942
1 1059556
1 2013729
2 551295
1 390017
1 371815
1 977626
5 73125
3 194050
1 1009017
1 1258200
1 2063750
1 935040
1 196949
1 45595
2 835076
1 1616860
1 1922776
1 2213878
1 2389829
1 680413
1 284927
2 789784
1 826405
1 1959095
1 2006459
1 2299280
1 582590
2 376535
3 617997
1 1104762
1 1037993
1 1030019
1 2010760
1 2219311
1 2152054
2 540329
1 2384183
10 12860
1 1617046
2 111144
1 1956506
2 248746
2 743204
1 245954
3 598244
1 653390
1 774250
1 701735
1 1176915
22 4938
1 540072
6 65476
1 1027982
1 373829
1 626664
3 246963
1 2232596
1 1232204
1 1758436
1 1952821
1 694386
1 325549
1 1331579
1 1931208
1 1128538
1 332058
2 85608
4 29244
1 502332
1 1569514
1 877496
1 585758
1 209668
1 149212
1 1848577
2 596216
3 271660
5 7732
1 391932
173 262
4 63731
5 143440
2 164574
1 2064541
1 137565
1 441738
1 1027631
4 260494
1 1582166
4 216092
70 1099
2 630262
1 797930
10 4896
1 660890
1 29745
36 2112
2 19977
1 74322
1 1606646
5 72354
1 100389
1 1778329
1 1922834
2 87760
1 1089778
1 1092822
1 1533257
1 1676369
1 1009171
1 824950
5 35188
2 109925
2 676596
2 523118
1 251042
1 716045
1 1357208
1 1286859
1 1905254
1 1355421
1 1173774
1 1514861
1 2039
1 646463
1 2303349
1 2220365
3 483897
1 322857
2 114844
1 1553001
1 492350
2 431029
1 447403
1 173514
1 1172374
1 296168
1 1865952
1 899934
2 3858
1 712583
1 454657
2 615833
1 773948
1 619502
1 938379
1 1457188
1 562372
1 226544
1 1433564
1 1509366
1 693014
2 91478
1 1668082
1 1828701
1 2421684
1 2437288
1 2286275
4 323059
1 872184
18 2696
1 1053998
4 225504
1 877536
1 113643
2 273411
1 133850
1 1619702
4 78833
4 78699
1 1949339
2 29572
1 1700484
1 1846009
1 503317
1 902990
20 7097
2 647018
4 65161
1 1415931
1 1189683
1 477337
2 314927
1 821605
1 1917909
1 1276296
1 579121
2 491066
1 1101752
1 1776031
1 45892
1 905686
1 2419074
2 156271
1 1843993
1 1779790
22 7754
1 1640264
4 222899
1 685211
1 2459507
1 952708
1 1421638
1 1802084
1 1164766
1 1660876
1 1105868
10 7051
1 2374162
2 815615
2 392712
2 805581
3 112907
1 1819043
1 1294221
1 58079
6 61459
313 382
4 225970
1 341586
5 30196
4 216271
1 2403290
1 516753
1 371259
1 216771
2 502287
1 1472754
1 1557194
1 655626
1 545492
6 3618
36 1633
5 105305
1 1171772
1 322114
4 116731
1 116869
1 2029194
21 3457
4 184254
1 1706809
1 49623
1 154004
1 711460
1 2275303
1 90817
6 33369
1 923106
1 283060
10 25282
4 16949
1 2058469
4 104009
3 151528
1 1733036
1 2113573
1 372276
1 1552788
1 1302740
1 1870600
1 1845221
1 417140
50 1228
3 354998
1 312251
1 1556787
1 1510962
4 19547
3 571512
1 1139179
1 488207
1 1558720
9 10214
1 435610
1 1321759
1 1283264
1 2295256
2 757814
1 225674
1 1895994
1 984163
1 566281
1 1558352
1 1317891
1 799408
301 342
1 897410
1 1115679
3 736944
1 1930671
1 448276
1 1979518
2 740241
3 136710
1 751742
5 108003
1 1226401
2 27629
1 1978127
1 793828
1 186500
3 528899
4 21843
1 1501441
1 1682953
2 152771
1 2145146
7 24765
2 632005
1 708056
1 2209456
1 664547
1 830861
3 304745
1 966841
2 193499
4 57883
1 2364417
1 1558870
1 350953
1 332354
1 327148
1 870342
1 1587497
1 1695529
2 685456
1 1200692
2 493122
2 761652
7 19511
1 1899539
1 900301
1 949455
20 4951
1 2358683
1 896818
1 2409690
1 675988
3 646732
1 171894
1 1729723
1 703586
4 251222
3 37396
1 1376075
1 1612076
3 21420
1 179243
4 142738
1 1453241
5 122565
1 1136085
4 211017
1 1860173
1 210487
1 1208221
3 756790
1 543531
1 1551433
1 335083
1 1586827
1 1788485
1 652787
1 1980369
2 524503
1 1596637
1 1592938
20 6020
1 1788302
2 90610
1 326352
1 151765
2 313960
1 143587
1 76152
1 1691640
1 922081
8 11157
5 99040
1 460900
1 2363360
1 1147595
5 103146
63 1650
1 2195635
4 176742
1 1796192
11 16675
2 271832
1 1239689
1 1284261
1 2001177
1 2360239
1 2253382
1 267942
1 1287440
1 1656302
1 1523214
1 1997876
1 850271
1 1375357
2 706517
1 153618
1 964722
1 209370
1 238487
1 538151
2 157587
1 2050703
2 250333
1 1906386
1 583054
10 26504
2 439852
1 148888
2 712459
1 133790
1 1408941
1 1836803
2 6068
4 54871
1 982412
1 1781977
1 871792
2 436717
1 1579541
2 661063
1 1588315
2 199092
2 245246
1 549198
1 284242
1 2410054
2 868309
2 635021
1 1379946
1 2327470
1 474767
1 644849
1 329368
2 587230
1 2258927
2 209036
3 381932
1 1012154
1 785834
4 275327
211 287
1 1543257
1 2380018
1 53255
1 2148203
1 639237
3 129832
1 2277491
5 94607
1 2351177
1 1855004
6 89946
1 2193163
2 188488
12 548
1 1306557
1 1901576
1 2353810
2 748780
1 1911785
1 1449003
1 1244078
4 101579
2 530744
1 577233
1 1019383
1 1776889
1 1650582
38 2333
1 976426
1 200791
1 564472
1 1602309
1 1752492
1 391701
1 1209872
2 363963
10 25454
1 214421
1 2100824
1 658312
1 1873943
1 1826792
1 1243107
1 320962
5 121173
4 70606
1 705711
10 1415
1 1220724
1 2042796
1 1050531
1 1817175
1 1466057
1 879049
2 575343
5 129810
1 539493
1 308533
6 70314
1 1596440
1 164296
1 2051887
1 312516
1 755379
1 2390439
2 359475
1 2400088
1 687817
23 3964
1 437251
1 621121
1 572588
1 1926994
1 458802
4 288753
1 2284421
1 2276521
1 1873664
1 1104606
1 1475914
2 696578
3 660918
5 67308
2 700024
3 108351
1 1698724
1 243233
2 743672
1 1797119
1 1516537
2 784350
1 797825
5 112178
1 906257
1 853598
1 1462198
1 469762
2 429775
5 84426
3 677763
1 654580
1 1522182
1 83150
4 321523
1 854927
1 274173
1 1088685
1 622792
2 133928
1 2275022
4 287202
1 2025178
1 384254
1 2257005
2 597374
1 2422233
1 134304
2 850905
1 1051687
1 1398109
1 2043316
2 891658
1 273888
1 156102
4 291295
1 349032
1 58736
1 1256978
1 863615
1 615044
5 107796
1 1916437
2 265408
1 2047652
2 605204
1 1712179
3 644002
1 1195825
3 629314
1 2084236
3 372546
1 2130301
1 1818182
4 161197
1 2019120
2 400727
1 1747044
1 301945
1 881725
2 171272
120 364
4 245746
1 1700698
1 2111617
4 299822
1 2458638
1 609765
1 1536173
1 625912
1 2376496
1 2321085
1 1644949
1 1652206
1 199420
1 468373
1 1229097
1 2281193
3 757943
1 459941
1 1294800
1 604830
2 424553
22 3021
1 1672915
1 815057
2 52239
4 275886
1 2131652
1 212926
2 442336
1 353245
1 2271684
1 1819120
1 1528904
3 383811
2 509888
1 2408487
4 232070
1 886485
1 1867256
1 2334639
1 1097173
1 2370019
1 1585494
1 1591519
1 1225300
1 694906
3 417648
3 43528
1 321054
1 736582
1 2006618
3 264954
1 591891
2 175291
1 423526
2 69304
1 1238999
1 776692
1 2299332
2 111007
1 787652
3 452841
1 1001859
1 733321
1 1556850
2 13923
1 2014203
1 584175
2 241052
1 32443
1 2140296
1 380418
1 67486
1 1312755
1 1226566
15 7151
1 2287008
2 778576
1 773907
2 274851
2 210824
1 1568
21 6831
1 210776
2 482817
1 2245048
1 67380
1 927177
1 2387858
1 719581
1 2274601
5 109338
3 434909
8 10416
2 56044
2 237630
2 878644
5 90176
3 156349
1 463454
6 84336
1 2452786
1 1046400
1 1195233
1 534370
1 1305405
1 653170
1 370426
1 1745298
1 2379059
1 1419975
1 482877
2 778191
1 1916609
1 2442431
1 2142564
8 9035
1 554035
5 127105
2 195329
1 2087206
1 1194306
53 984
1 1426509
10 15679
1 362703
2 603966
4 249158
1 859041
1 344873
1 360452
1 1181293
9 743
1 491390
2 417637
2 602954
1 568384
3 83525
1 1102553
1 355916
1 1661880
2 543583
2 725829
4 198442
1 408550
58 1231
1 1836543
2 229547
1 124872
2 569282
2 64826
1 1202506
1 2057418
6 82575
1 1204652
1 1579545
1 758540
1 1253437
1 556600
2 222375
1 208140
1 2094116
2 387665
1 1550399
1 2070712
19 3700
1 234926
1 1342194
1 1300722
5 78331
5 7927
1 656228
3 554965
1 1176372
1 2004152
6 21811
1 2448412
3 475076
1 627702
1 2221721
1 135796
3 717637
4 129528
5 12213
1 575753
2 775657
1 460814
1 2101282
1 10298
1 1454165
1 1739463
1 2173810
1 1718481
1 1474327
3 406519
2 761112
2 715596
1 2207740
6 19080
1 1831533
2 348365
3 361431
40 835
1 1205927
2 339697
1 2032078
1 1352466
1 838270
1 1983696
1 2288942
1 1898146
2 459177
2 514107
1 522026
1 2221911
1 2378143
1 300505
1 74599
1 2219716
1 573733
1 2312216
4 236581
1 1771647
1 37484
10 760
1 308631
2 722851
1 974501
1 611039
1 2242947
2 368863
2 101400
1 2414788
1 1316349
1 137957
2 117818
3 24442
5 60382
1 1957320
1 592819
1 218647
1 2402510
1 1962816
4 217761
2 786599
1 906851
2 29365
4 46548
1 1035886
1 809542
1 1438062
1 1252064
1 1598660
9 30064
1 2085082
23 4921
1 2325259
1 1905519
1 821269
1 1888067
1 1430627
1 2080770
4 242712
4 184666
1 133684
1 209084
1 526072
1 1577460
2 354934
3 310586
1 454010
3 140349
1 695624
2 280997
1 1064259
2 537027
1 404230
1 794101
1 930449
3 505750
1 2277871
47 2937
1 1117424
1 2459145
5 98627
1 1510615
1 1018855
1 1782773
1 1245992
2 120316
2 89145
3 586857
1 1345506
1 362236
1 1791205
1 465357
1 1680672
1 1063614
1 308957
1 1086341
1 2273318
1 1559386
1 1513317
1 1756641
1 1870678
1 2333020
1 1432028
1 689500
1 1902339
1 159429
1 2130747
1 1756949
2 284540
5 34278
1 1032443
1 2242128
4 136523
1 111912
1 1475783
1 2194999
1 1301830
1 2130828
1 1726261
1 1418511
2 716125
1 2291639
1 740729
4 212587
1 1009922
3 280382
1 45380
5 142791
1 2031608
1 1781287
1 1313443
1 1457305
3 324179
3 308171
1 339165
1 20649
4 328076
3 454528
1 1711533
3 467013
2 329853
2 736716
2 466453
1 1789487
1 1453443
1 689066
1 29360
2 200389
1 310776
1 2022458
1 1761086
3 572311
7 41833
1 545854
1 1587303
1 916855
1 58697
1 1182542
1 2011044
1 575313
1 774197
1 293439
1 741142
5 81727
1 2149123
1 603363
2 393868
1 1447184
1 605739
3 739201
1 1485527
1 1830330
1 756494
1 288731
1 2173856
6 62378
2 354137
1 781934
6 10074
1 301986
2 485341
2 786606
72 966
1 1620586
4 231815
4 226911
3 144723
1 1990049
3 772723
4 161260
2 45860
3 192583
1 470523
2 235745
1 1679766
2 660885
1 210259
5 46533
2 472662
2 383848
4 565
2 679865
1 1469778
6 75774
1 859119
5 25071
1 1740988
1 1001620
5 79138
2 441106
1 2071390
66 2491
3 620016
1 833810
1 549074
1 660823
1 931457
1 1912605
1 470917
1 2062222
1 2042431
1 520072
2 401902
41 124
1 1250948
2 113858
2 840926
1 1812717
2 260656
2 867901
2 854650
1 1679656
3 734001
1 190044
1 1456363
8 8440
1 947291
1 820111
2 398480
1 721894
1 1158126
1 2314311
1 276918
4 266955
1 1027831
2 773968
1 979808
1 2437489
1 2289781
1 2413307
4 94367
1 271889
1 618891
7 28054
2 515980
1 364651
1 1561029
1 1128126
2 784107
1 1865006
2 98275
1 1626962
1 912663
1 1415426
1 609455
6 44136
1 1610546
4 102985
3 23467
1 53782
1 1009159
1 2247693
58 2380
1 2350478
2 42938
1 1912189
1 533125
1 525282
2 274828
1 99572
1 626284
1 310080
4 140760
3 283714
1 35749
1 43005
4 275093
1 2140756
1 132597
1 2386020
1 167791
1 282976
2 365337
2 245222
1 2018840
1 1462924
1 371322
1 183765
1 131784
1 625157
4 42615
1 1937908
7 24682
1 460852
1 1509039
2 641522
1 1313803
2 629111
1 2169335
6 88543
1 1846646
1 1265734
2 22642
1 677990
1 62917
1 2256416
1 417283
1 2071559
1 2429108
1 1928251
1 618614
1 122231
1 2275302
1 508375
1 2439111
1 1686086
33 481
2 206878
1 55591
2 661229
1 1188454
2 362768
3 36262
4 50752
3 345420
1 1660206
1 1325760
1 929158
1 19907
1 1793620
2 845079
6 82273
4 10315
2 92797
1 1477037
1 1879444
1 64547
1 1848388
1 1706736
2 530019
1 1281168
1 823431
1 1122098
1 934152
2 334043
1 1737554
2 709651
1 2424250
1 940915
2 350558
1 1965931
1 652065
1 1855103
1 1238665
1 791644
3 374179
1 1170716
1 1284428
2 340220
1 668739
1 1883273
1 300743
1 1642616
2 678413
1 730925
1 1801551
2 204688
1 1854125
5 144964
1 2387485
1 1556340
1 1666362
2 336255
5 128642
1 1637315
1 739413
3 542921
2 729297
1 361776
1 909826
1 9194
2 532694
4 100838
1 1905417
1 1205792
1 2322999
1 332112
1 1173137
1 640977
1 1590327
1 1292709
1 1347620
1 1489260
1 100527
2 179506
1 1816772
1 828886
3 339513
2 345043
1 1824483
4 239672
1 2157671
1 1921531
1 2083575
2 639657
2 367591
1 9169
2 93042
7 124
1 1522916
3 28220
1 1151503
2 635823
3 119721
1 115646
1 403867
6 35735
1 568166
1 1684908
1 2067461
1 1075882
2 266805
1 2116435
1 1919859
1 115888
1 1086958
1 2388981
1 2154643
4 100066
1 397201
1 2005392
1 1110672
1 1685399
3 311636
1 127108
1 1225696
1 2062057
2 887293
2 342053
2 414736
1 1524129
1 1058958
1 1333956
3 545537
1 1471902
4 280764
4 198288
1 716541
1 931265
1 2062244
1 1235620
1 99394
1 2043753
234 238
1 1890638
1 1870040
2 353288
2 821810
1 335423
4 53431
1 1500189
5 5818
1 1632915
1 1673542
1 935965
1 657589
1 26444
1 520209
2 882100
8 36057
2 223175
1 531418
2 35168
1 1740866
2 644129
2 349558
1 1506877
4 144195
1 755464
1 1774771
1 1554899
6 34068
1 1370314
1 2444398
1 312895
1 890974
3 624544
1 1892817
3 139593
1 1994462
1 1008450
1 1149823
2 878812
4 208768
1 818665
1 276089
1 1960313
1 44183
1 2107198
1 1354045
2 414082
3 301121
1 990484
1 1040631
21 604
1 101117
1 355863
1 1477244
1 288571
1 1005582
2 98404
2 431537
1 2303363
1 715692
1 3120
1 1145676
1 613590
1 316391
3 577898
1 1445186
1 1524963
360 392
1 319177
1 1182324
3 503765
1 2197099
1 31166
1 345884
1 610873
1 639573
1 889032
1 2079286
1 1727334
2 55001
1 1844834
1 1061514
1 791848
2 51301
1 1114331
1 812561
1 998593
2 398185
1 1224430
1 874408
1 271536
8 36815
1 2291612
1 1569956
5 14920
4 162719
1 413273
1 568627
1 196772
1 1444261
1 290984
1 304544
1 2312453
1 1791675
2 146035
1 2050688
1 831322
1 1830100
1 1327890
36 202
2 140001
4 330018
3 740640
1 1537613
1 2397652
1 1542972
1 1768107
1 653199
1 1659347
1 1314813
1 1315405
1 2303380
3 555956
1 1098781
1 266355
1 1353483
1 1467038
1 1004934
1 2095931
2 155452
3 115441
1 2150015
4 80410
1 2254271
1 1585110
1 1961729
3 288060
1 1115855
2 70309
1 624795
1 64166
1 2052965
2 873621
1 2139432
3 267128
5 25445
1 1723212
1 608566
5 113643
2 553580
3 118788
1 193339
1 1730612
1 1434777
2 875397
1 2269833
1 458034
1 487290
1 1998619
1 1212453
1 2008228
1 122090
1 1599486
2 743178
1 1322183
1 1655102
2 536898
5 77665
1 1337965
1 362098
1 1195492
3 74215
1 2275035
1 1621866
1 999088
1 2062684
1 1069116
1 1389804
1 1460081
1 1257332
1 1900295
5 40020
1 765484
1 1340805
1 2263689
1 95864
2 241691
1 1557952
1 358363
1 1935637
1 947596
5 19287
2 815526
2 687452
77 1552
1 2079706
1 1002156
1 1175678
1 257826
1 391453
5 3976
1 2026862
1 2433191
5 108210
1 384294
1 2391829
1 638615
1 764098
1 2374838
3 270345
1 1368850
1 661404
1 1949233
1 1386207
1 911484
1 1907212
1 2024427
2 617927
1 278969
3 117074
1 521437
1 874719
3 217645
2 280144
1 972177
8 51463
1 315906
1 2358297
4 33173
1 1390341
1 2054876
1 1825572
1 1475059
1 1233363
2 370100
2 354192
2 282065
1 1782616
1 2062614
1 1029093
2 387427
1 1191054
1 1183234
1 1584251
1 1410211
1 2309786
3 337250
1 529068
3 456210
2 300909
4 232369
1 2095722
2 323638
1 1400463
1 1975595
1 925945
2 365798
1 2304881
1 1547212
1 573397
1 1119494
2 385858
5 17498
1 1115800
1 30116
1 986829
4 200899
2 458545
2 773396
1 238921
1 251653
2 76430
1 2260317
1 147267
1 2180888
1 591425
1 366707
1 2360397
1 207840
1 924237
2 738167
2 431038
4 298424
1 1104940
8 8497
2 345171
1 541474
2 472070
1 976526
3 728708
2 100185
2 899077
3 126988
1 87284
1 1199959
1 1834596
4 15787
1 428376
2 443647
2 808601
1 11612
3 63364
1 2279503
2 695248
1 1899017
2 774962
1 2106414
2 171874
1 1386295
1 798884
1 435302
3 632729
58 1304
1 1270212
1 884202
1 451332
1 2254736
4 162323
1 675934
1 172653
4 139788
1 56744
1 1620167
3 405125
1 385453
1 768766
1 1906936
1 1220921
1 673593
5 55929
37 881
1 1422768
1 23752
1 1381184
2 445346
1 92171
36 2748
1 1261020
1 2127854
3 191025
1 98491
1 276739
1 2401691
1 45298
1 1573450
2 172089
1 178057
1 977874
1 1959756
1 1078706
1 1022937
1 726985
1 23558
1 2131027
1 2435594
1 1316856
1 118775
1 1742978
2 482521
1 2173748
7 44382
1 1293998
2 807159
1 1256132
7 3784
1 1402194
1 1338537
2 477380
3 420889
4 34285
1 815516
1 2069998
2 624190
2 192151
1 282689
1 1905410
2 592276
1 1687042
1 712574
1 725527
1 636280
1 2461070
1 877144
2 273034
1 1780297
1 1639152
1 1004678
1 636346
3 43841
1 520040
1 1433420
1 414069
1 1594775
3 169228
1 1486595
1 286624
1 908732
1 2223153
1 1265385
1 2369822
4 14265
2 213523
2 593412
2 101622
1 298765
1 531923
2 109894
1 1771704
2 813874
2 559069
1 1868905
2 113295
1 1750842
1 1441842
1 2317030
1 526541
7 41379
1 1114270
4 133724
1 1599399
1 1063092
1 2093326
3 586871
1 2098128
1 277871
1 800862
3 110296
2 311557
1 487233
1 366080
1 253282
2 248530
1 972231
1 399317
1 685804
1 1924270
1 2289340
1 703475
1 717618
1 919427
1 1893830
1 119787
1 1683166
1 55087
3 734935
1 1997311
4 267396
2 898174
1 419152
2 589014
1 127337
1 1136328
15 3528
3 222583
1 136628
1 865441
1 1603835
1 17501
2 486516
2 184496
2 141418
1 1377276
2 647462
1 1598264
1 1665898
1 1881650
8 5080
2 359820
1 1149260
3 665760
1 1341730
1 2172617
1 311614
1 548125
5 109700
4 184085
1 1260903
1 1575371
1 943254
1 1879436
1 769386
2 896632
1 1519446
1 2294253
2 897567
1 855173
5 96123
1 340766
1 1161352
238 303
1 1720038
5 94955
5 11482
1 1027016
1 2410245
2 139433
1 1485611
1 860995
1 651896
1 856995
1 1065757
1 1176107
1 2077924
13 4777
1 397104
29 2913
2 585278
1 40104
1 2118460
1 390308
2 873534
5 74226
1 1766794
1 1148382
1 1449219
1 1968192
2 122735
1 1755884
4 191989
1 964082
1 755915
1 1305780
1 293285
1 1297122
1 413930
1 1665007
2 343398
4 135790
1 897341
1 139074
4 77022
1 1305727
1 1540580
1 1677339
1 942645
2 620273
1 2222364
2 491564
8 18746
2 532406
2 702852
1 775343
1 149379
1 1966121
1 1756135
1 606219
2 432171
1 258369
1 2110922
1 1373009
1 1093947
1 2195628
1 984668
1 1070636
2 22423
1 1031917
1 2036330
5 33573
1 79038
1 593288
1 341201
1 1625597
1 817429
1 991113
1 584902
5 44405
4 186777
1 2155289
1 2229980
26 3676
1 358865
2 674756
1 1612118
12 13978
2 732312
4 67934
1 769260
1 1562588
1 1839944
1 1607646
2 236916
1 604360
1 434222
3 354811
1 1492243
1 2416633
1 276456
1 2359419
2 593426
1 175608
1 828237
1 1149948
2 713709
2 99730
1 1676900
1 27803
1 126197
1 2069917
2 846479
1 1156855
1 1435861
1 1607197
4 24873
1 649163
1 2228257
4 270595
2 184157
1 2158829
2 651524
1 1508862
1 1305549
1 92470
2 786404
1 450162
1 351965
2 713191
1 2386626
24 4128
1 316322
1 1325019
2 674428
1 1288046
2 488956
1 648635
6 11754
1 1926083
2 371220
1 81556
1 1340386
1 251055
1 1563815
1 2378404
1 5264
1 372447
1 1206139
3 448180
1 2082150
2 787167
2 477853
1 2138196
1 1426075
1 722728
1 997588
1 1592714
10 12082
1 1466339
1 1181922
2 447002
1 2444364
1 1551965
1 2256310
4 66957
1 528310
1 1938198
1 1265401
1 208669
1 2219413
2 442502
1 417968
1 2434732
1 1318250
1 366421
1 1347342
1 391869
2 280751
1 1460652
1 2218313
1 479062
1 2138961
2 526543
9 26633
2 65761
78 1553
1 666492
1 195782
1 2273725
1 1748276
1 1924111
1 1817665
2 43868
2 561941
2 317964
27 2395
1 2160889
2 749057
4 308213
1 553127
1 1345228
1 729289
1 1935157
3 381411
1 2098860
1 1248505
2 454199
1 269075
1 2196329
1 2090060
1 1519498
1 1455503
1 219788
11 6249
1 979098
1 1455636
1 1168577
2 613928
340 351
1 2038134
3 310499
1 261160
1 1815201
7 14061
1 795620
1 1272706
1 1747885
1 2283007
2 383068
1 1066447
1 2119202
1 1378831
1 1760257
1 1409042
1 1478284
2 807817
1 2062656
1 492352
4 1743
1 1331677
2 250633
3 534237
1 201547
2 208957
2 816512
1 860930
1 2074285
1 2138992
1 508716
1 2266347
2 51753
8 1819
1 1767607
1 2232485
1 1908961
2 810344
1 1367921
2 42742
1 2194890
2 209672
1 1627902
54 3076
1 977390
3 742288
1 2016051
1 517107
6 39177
1 870866
1 2189633
1 686831
2 837186
1 1870766
3 519593
1 272275
1 1391585
1 183328
1 675764
1 1497529
4 86772
6 26019
1 1721217
1 1324078
1 2017917
6 10098
1 1603493
1 2321197
1 1284155
1 2105714
2 724351
1 1593238
1 809054
1 2065307
2 715332
1 1886633
1 1605804
1 471903
1 1184799
6 27433
2 437821
2 447467
6 78898
3 740432
1 87104
1 1548934
1 1963697
1 1711479
1 801509
6 68944
1 2406614
1 2243764
1 1623045
1 1378668
2 349924
1 1215910
1 1780798
2 683253
1 236101
2 517600
1 1784945
2 443831
1 301433
1 859995
1 317371
1 1066084
2 321941
1 442130
1 1463810
1 31744
1 164053
2 498377
4 19065
1 361358
1 2443968
1 1115992
2 623884
2 735827
2 904926
6 11304
1 749587
1 1378510
5 34098
2 383524
1 504044
1 1949935
16 2977
1 2320743
1 1646642
1 853722
5 45827
1 1866188
1 1716831
2 219444
9 10003
1 153925
3 277738
1 514144
42 1738
1 1287714
1 1745646
1 172884
1 573548
1 1472384
1 863964
1 1572379
2 254405
4 184989
1 2085363
1 674922
1 1285259
1 826054
1 430401
3 277395
3 699909
2 30825
1 197425
1 2087439
5 81407
1 147085
1 444541
1 358177
1 2370872
1 829829
1 102806
1 376639
4 141997
1 1720401
1 1510006
2 53023
1 1304609
1 1891798
2 741883
1 366735
1 633173
1 1244894
1 19841
1 211893
1 177160
6 17248
2 280134
1 721057
1 1690773
2 318655
1 2080142
1 765190
1 134494
1 1513214
2 532806
1 2418275
1 989452
244 377
3 380606
1 959220
2 250637
1 892478
1 1939450
1 1540369
1 734813
149 199
1 1653986
4 82770
1 1553413
1 1054943
1 2196151
1 1463118
1 20844
1 2397902
2 891359
1 185134
2 729210
2 329630
1 529844
1 1764791
1 1725188
1 1054905
1 134350
1 305380
1 635058
1 846284
1 988456
1 1966022
1 605269
1 1914050
8 22141
1 1444349
1 1358634
1 1035240
1 1065668
5 106228
1 195838
2 494809
1 92656
2 474748
1 1433955
9 2267
1 121385
1 1751361
1 332252
1 216675
4 175495
2 374006
1 2243172
4 310705
5 3866
1 521990
2 255302
2 642918
1 98902
1 734655
1 569239
3 75694
1 2392742
1 213449
1 2298197
1 1929657
1 2070804
1 2132197
1 1794911
1 279693
1 849664
1 978912
1 1811089
1 2099289
1 825871
1 2169937
1 1747753
1 2198170
1 74609
1 1333707
1 74023
1 1952784
1 1786910
2 629809
3 237254
1 390974
2 450449
1 936515
1 1828351
2 35766
2 372192
1 591705
1 174828
1 2018356
1 867612
1 2016787
1 1792207
1 417963
1 2326368
1 1520803
1 768995
1 657209
2 428527
132 366
5 104557
1 1678871
1 2169120
6 71578
1 2039080
1 1291107
10 17721
2 275646
1 1469070
7 47060
2 289989
3 109739
1 795758
1 1067614
4 17224
1 563620
7 13506
1 2085929
4 240955
5 88144
1 1717502
2 449322
1 1490691
1 2377894
1 589897
2 420968
1 784590
1 271571
1 1111006
3 637451
2 569311
3 358444
1 448148
1 1729302
4 123498
1 2404504
1 43063
1 1080335
3 365452
1 2379032
5 107038
1 126885
1 1797908
8 17644
1 1202122
1 1703718
3 707466
1 1904645
2 883049
1 1258277
2 464792
1 1776788
1 239455
1 993073
1 1626211
1 2317659
1 2019785
1 1687487
1 19641
4 210210
1 440414
1 1312107
2 882389
1 602185
1 2393670
1 922543
5 136691
2 902958
4 214223
2 561148
1 1617197
2 870859
4 291992
3 58895
1 36053
1 171539
1 2210677
1 424440
1 762262
1 1977889
1 1251003
1 492909
1 450484
1 1436250
1 2219127
1 1139175
4 83832
1 2128372
1 106391
1 653424
1 767133
1 1821841
2 795868
1 112735
2 10094
1 1097771
1 813589
43 3018
1 2403277
5 74603
6 7292
1 1865430
1 1595813
1 88760
1 2012539
1 1843304
3 486004
2 342373
1 504645
1 24533
1 892843
3 310366
18 1270
1 2403904
4 234664
1 983397
1 1601602
1 1275747
2 823420
1 2061582
1 982922
1 1028426
1 2114307
4 34210
3 383144
1 1729484
4 148571
2 135725
1 2222794
1 216471
1 357608
1 2107944
1 986954
1 2010961
2 802204
1 1924078
1 474283
2 530990
2 321902
5 24559
2 175130
1 1549861
1 2286783
1 2322292
1 1955426
1 2354874
1 266624
4 280933
1 1554058
1 744350
1 812564
1 208854
2 194792
4 299678
1 1168785
1 2086397
1 680879
1 1709979
1 1945776
1 1325491
2 831757
4 254837
1 1355021
4 81140
6 62428
2 238216
1 2448953
2 326598
1 1159161
1 884625
1 1272918
1 1970593
1 698036
1 2234447
3 281691
1 41300
1 441652
1 1008272
2 138250
1 781825
1 1189809
4 314633
2 350766
1 106999
1 2249644
1 1787898
1 1468414
3 101507
1 527322
1 620503
1 1266612
1 1334394
1 1943375
1 1200613
4 331970
1 1528637
2 441830
1 1223134
1 2136591
4 179243
1 428636
1 1636804
1 2421680
1 1195023
1 503506
1 632602
1 2373181
1 1241998
2 189689
2 699884
1 1191293
1 653938
2 364834
3 65557
1 2065244
1 900986
3 200429
1 2008012
1 1527756
1 27550
4 20970
1 485079
1 2164068
1 1845782
1 790431
3 427173
1 571877
1 2353056
1 1638643
1 1025585
1 1771823
1 670842
1 2454791
1 2034863
1 1860029
3 212289
1 1121388
6 21401
4 211616
2 416415
1 673990
6 50640
1 1882044
1 2190720
1 1001127
1 1977075
1 22783
1 1877528
1 923209
6 35670
3 680891
1 1460644
1 2309149
2 176069
1 1882364
1 742133
2 725121
3 686122
2 677808
1 1839016
1 1555631
1 517877
1 860782
3 530898
1 936892
4 258209
1 1594340
1 2337497
1 360524
1 2320954
1 1782176
1 1580402
6 9467
1 383126
1 879760
2 722471
1 743791
1 1348808
1 477168
1 1140411
1 519921
9 14930
3 132861
1 2239687
1 246731
1 266059
58 757
1 2020172
1 1344045
1 419298
1 2293156
2 886876
1 1126562
2 238533
1 2091043
4 9935
1 132359
2 648669
3 465515
1 1656727
2 258052
1 953157
1 1226445
1 1738923
1 1880523
2 382152
1 453703
9 8604
1 1706587
3 484733
1 1458105
2 150456
1 1190700
1 131986
1 625716
1 1442825
1 826998
1 2070612
2 825718
1 51149
2 7936
1 2295540
1 2150239
1 39248
3 618082
1 2346357
1 730837
1 471416
1 1706641
8 34889
1 2015651
1 520045
2 626698
1 2126846
3 256876
1 413441
1 392991
1 2234165
1 611436
1 1762149
1 95692
1 2222254
2 301417
1 831997
16 7167
25 693
4 183915
4 31372
2 555835
1 1759956
1 2393750
1 1389119
1 888050
1 1144848
1 1956432
49 2159
1 2419885
4 103697
1 240084
1 853134
1 1202061
1 1452713
2 819453
1 372215
1 1478496
1 1153359
2 894422
1 604521
1 1864234
1 695130
4 296112
1 584053
1 1186077
1 956861
1 2074059
1 748422
1 1522971
1 106153
27 239
5 89025
1 349425
2 678279
1 1510786
1 1105171
1 454194
2 700841
76 1885
1 2414777
3 544611
4 155907
1 627015
399 408
1 1495272
1 997945
1 1240466
1 1647794
10 26314
1 1891737
1 1514772
1 349917
2 457403
2 153337
4 325624
1 1588154
1 419701
1 1281951
1 860966
1 1367991
1 607545
2 297027
1 919519
1 2194968
5 125750
2 201533
1 1465522
4 12044
1 1779745
1 1538435
1 323484
17 3527
20 4723
1 915024
2 813286
4 35092
1 676510
1 2432099
2 403928
2 57410
1 2370770
1 809561
1 1975405
1 401131
4 166681
2 477983
1 1656371
1 1327266
1 2096734
1 209563
3 56961
3 534344
1 2118320
1 1363679
1 2302393
2 2551
1 246028
1 435877
1 2023687
1 2310025
1 359202
1 445884
1 692943
1 243541
2 374639
2 73541
2 88950
1 423214
1 348124
5 83765
1 1948548
1 953692
2 430263
1 701444
1 1355038
4 136429
1 2238816
2 206138
1 1160625
1 1567764
4 19615
1 2180751
1 897311
1 2031382
3 23155
1 572028
1 1657912
1 1679459
1 487327
1 406416
1 2275970
2 401782
1 131191
1 1112229
1 172655
12 5066
1 2241156
1 1787156
3 282504
1 2414381
1 69424
1 2336022
1 419378
3 524640
3 774593
1 1980745
1 1975349
1 1760261
1 1291195
1 2096159
1 307001
1 1175270
2 229659
61 1644
2 40345
1 1835978
1 1539903
1 1351833
2 809303
1 1021701
4 100171
1 891890
1 1072840
5 108193
1 1046921
3 430911
2 336010
1 477999
2 164907
1 2367366
1 1629044
2 700337
1 591090
2 279056
3 640642
1 773159
1 409231
1 1240515
1 1698032
2 672765
1 2418106
1 1717743
1 6591
3 738889
1 56033
1 151602
1 1845296
1 767482
1 268364
1 750974
3 571569
1 1447520
118 352
2 422025
1 1271908
1 913764
4 57871
2 32517
1 204497
1 1220881
2 484577
66 314
4 317272
1 2238503
1 87635
1 1109692
1 1601459
1 2348990
3 281719
1 684654
1 754999
1 950455
1 1957825
1 667532
1 2013190
1 2196227
1 537262
1 2384868
1 943536
4 200400
1 2428909
1 999006
1 1848918
48 593
1 656496
1 2181717
4 277269
8 3524
5 92122
1 83722
3 648019
1 1293900
1 1164417
2 276206
3 145281
1 378553
1 873955
1 2248331
5 106009
1 1434021
1 44896
1 168088
1 1042604
1 1554333
1 2015224
1 1756259
1 852583
4 321060
1 1367758
1 963886
3 696023
1 1410369
3 594443
3 532460
1 1439227
1 1173312
1 601250
1 1958507
1 1100015
2 453797
1 2275722
2 559043
1 1962087
5 107899
1 578602
1 402676
1 1542222
1 391358
1 1181886
1 1272206
1 610267
1 2360699
1 1940570
1 312194
1 2452743
1 1360911
1 71070
1 197639
1 496868
1 1011191
1 1704389
1 1105415
3 469032
1 206896
1 1389664
2 444416
1 123426
1 2365500
1 55571
1 2380954
1 2115704
2 363737
1 152115
6 74190
3 717431
1 1501641
1 2215976
1 1356937
1 119839
2 770488
1 524662
1 2241215
1 2400594
4 34870
1 230067
3 68913
1 2140533
1 927101
1 1541578
1 1851645
3 154422
1 158679
1 595936
1 660996
1 1731147
1 1170539
1 493087
1 1328312
2 168947
1 1363693
54 484
1 691914
2 859634
1 86199
3 755961
1 1396360
2 616655
1 337853
1 638595
2 685264
7 14554
1 182817
1 518281
4 314975
1 130600
2 647823
1 656011
1 1074513
1 2366295
1 1503124
3 180943
1 458682
1 1005158
1 2127214
1 1504065
1 2246141
1 112314
1 1397537
2 863965
1 1487329
1 406743
2 646225
1 950057
1 1084940
5 131031
1 158480
1 324735
2 725867
1 1189216
1 1231888
2 262698
1 1224757
6 7915
1 1145557
2 434888
1 1984867
2 168117
1 425411
24 1111
1 482352
1 996936
1 1565518
1 1172840
1 560452
1 593160
5 3595
8 29637
1 966567
1 1412406
1 1651404
3 642073
2 754744
1 808011
1 1562178
2 145878
1 1458931
21 1749
1 2258204
1 1285056
1 897313
4 230234
1 2101588
11 15543
1 1378421
3 206914
2 459215
1 69785
2 519772
1 558370
1 2457161
1 1938991
1 399639
1 1488147
3 191634
1 2321478
2 784635
1 1277753
1 1304779
1 517901
1 2443888
1 2440056
1 319992
1 407383
3 532559
1 114559
1 2209563
1 128799
1 822485
3 507306
1 650914
4 73300
1 2455039
1 244000
1 2183663
3 767893
1 676148
67 2680
1 2254750
1 1819096
1 1414204
2 289544
1 1584363
1 752190
1 944026
1 920714
2 287665
1 1769626
1 1602967
1 1538391
1 673394
1 1126696
4 5436
1 1745723
1 92839
2 385760
1 1737736
2 777747
5 34276
1 1089802
1 541396
2 325118
2 729161
1 1527407
72 2032
1 1772364
1 2311538
1 1588010
2 331476
1 1082827
1 989105
1 909069
1 88404
1 450109
3 591561
1 688543
1 252244
6 27559
1 1664647
1 918435
1 426853
2 694529
1 244389
4 98723
1 2405382
1 151096
1 1344505
1 1946590
3 443891
1 1227641
1 570695
2 743829
1 62285
1 614631
1 1478102
2 565181
1 774197
1 1423103
1 904484
2 609288
1 2215330
13 11421
1 145923
2 631589
9 25938
1 255700
1 1439123
1 556466
1 237711
1 800730
1 2269374
1 791338
1 659375
3 239140
1 357696
1 1332287
1 120191
1 1859985
1 483489
1 2300242
1 1363965
2 262177
1 1117731
2 424923
1 2193714
3 359848
2 790898
6 42288
1 1590215
1 2232405
1 9149
1 162231
2 221636
4 265001
2 347479
1 244160
1 1276210
1 104242
1 410747
13 607
1 1702503
2 587028
1 2125256
1 2061463
1 1115330
1 1388008
1 694415
1 939956
1 1174539
1 94772
1 969357
1 996675
3 592229
1 1624054
1 1094646
1 116106
2 86801
1 1958523
34 898
3 125315
1 2249000
1 953309
1 358239
7 4325
1 1366496
1 623535
1 2344619
1 1271626
1 361545
1 1502678
2 153868
2 693399
4 321424
2 807489
1 1071228
1 446384
3 699250
1 1056119
1 1067384
1 328445
1 1336003
1 939001
1 889728
1 366624
1 1171237
2 594087
1 2240830
1 438614
1 875479
1 2191151
1 1469968
1 2082669
1 273755
2 626696
2 705203
1 2394357
1 2160381
1 1507641
1 2326979
2 739178
2 176648
7 10852
1 256372
2 763787
1 349979
1 2155943
1 1092317
1 1286185
1 78225
1 849225
1 2452839
1 1500850
1 2442514
1 470831
3 3898
7 22122
4 71230
1 975110
4 175815
1 522849
1 902179
4 163900
1 1027489
2 547085
1 249608
1 1037589
2 539125
12 9691
1 1774210
1 159736
1 1321107
1 2101307
1 1342500
3 279708
1 113616
1 522194
1 1797649
1 2024464
3 381543
6 74235
1 699328
1 2316897
1 174859
1 373442
5 32309
1 1138299
2 631842
1 369848
1 1604885
1 2148926
1 770675
4 96672
1 2325820
1 2121752
3 252751
1 1603894
1 1313455
2 322389
1 1772881
1 503964
1 1566799
1 133605
1 1344054
1 759321
1 241942
2 251778
1 1904161
4 232036
3 180968
1 839100
2 853916
1 383433
2 309683
3 635224
2 539499
1 469327
1 759456
1 247715
1 1354400
5 63824
1 2144935
1 1312547
1 76573
1 457968
352 360
1 588633
5 39015
2 223765
1 456126
1 2118438
2 621426
1 684950
1 1201036
2 738778
1 1893415
1 2272668
1 978283
1 931241
1 539602
2 606314
1 1720638
1 2242195
7 43061
2 269345
8 16266
1 1963485
3 543360
2 127903
2 465243
1 790407
1 1368380
1 1465171
1 1563721
1 1907263
1 185709
3 309255
1 21007
1 623625
1 2438668
1 343583
9 24081
1 20686
3 703101
3 396207
1 956246
9 11359
1 997102
3 741546
1 697083
1 2388434
1 1711116
4 220619
2 319523
4 167672
1 1517635
1 631149
1 1981967
1 1494486
1 738896
2 27563
1 1502599
3 78744
1 2328867
1 552092
4 300965
1 544788
1 405782
2 772089
1 2167679
2 598727
1 1886522
1 1320753
1 1196056
1 1500445
1 1617935
2 398928
1 906208
1 712495
1 153705
1 1504368
1 1911639
1 588951
2 656582
3 736294
1 2215990
1 399747
1 273199
4 140464
1 336227
3 310405
4 139174
1 1665002
2 201841
1 1708697
1 836298
1 1033149
1 711984
4 176230
5 36421
1 564690
1 396400
1 1870916
1 2213183
1 1298278
1 336361
1 196285
1 1293140
1 2030969
3 583360
1 1832327
2 707603
4 231577
1 1334551
1 733376
1 1855373
1 2178979
5 103968
2 641123
1 2150921
1 281557
1 1775028
1 2075562
1 1146570
1 1060232
1 574570
4 19428
2 667109
1 1741269
1 288262
6 91912
1 1066938
1 101599
1 2266314
3 199448
1 1253494
1 1428704
4 191339
3 779863
5 107415
2 581646
1 219891
84 665
1 663670
1 807942
1 2282342
1 853233
1 2004428
1 526307
1 2162561
1 2212669
1 1373373
1 802986
1 2245566
1 1216718
8 3129
4 268811
1 1903172
1 1010002
4 314181
52 2897
1 731432
1 1637722
1 590685
2 532298
2 627720
1 509120
1 916366
1 1192622
1 479037
1 1644288
1 428927
1 1939553
1 1172421
1 783895
4 225663
1 1454532
1 519146
3 153165
4 116684
1 1654354
1 1084418
1 1278664
3 463938
1 1368783
2 307234
1 1592132
1 84500
1 1967086
1 1798842
12 1177
1 717376
2 632411
5 12151
1 1988752
1 431101
1 2341074
1 2423382
1 897955
4 9071
17 9309
2 818648
23 5129
1 548054
53 88
1 720443
2 646722
7 22733
1 185807
1 1204479
2 892087
1 2121511
2 117910
1 1416302
2 666682
1 658626
78 2155
1 689398
76 362
1 470278
1 1985502
2 182977
2 463713
1 889175
2 147402
1 539690
1 1575374
1 1937572
1 160187
1 2248330
1 1998416
1 1853428
1 476469
1 1674974
3 715415
1 836459
1 149457
1 65069
3 226115
1 698893
1 670588
3 522546
1 1111774
1 155184
1 1793160
1 2446108
3 317664
1 2361779
1 1432354
1 598474
1 1672603
2 791434
1 33152
1 2090403
1 452977
4 120022
3 91675
1 521153
45 1919
1 2124442
1 2317710
1 2453392
2 709880
1 2412919
1 2317815
70 1404
1 1969054
1 755945
1 1314636
1 1765744
2 767939
1 1650680
1 2256570
1 258610
2 737630
1 869579
9 12836
1 1639629
1 765973
1 1459364
1 1682704
1 1051849
1 991232
1 704388
1 1746905
1 1333909
4 35515
28 2263
1 833092
1 624023
1 1788777
1 331841
1 2349318
1 2369450
1 118354
1 297751
6 59964
2 861061
2 191359
1 199283
1 1702348
2 66042
5 134041
1 423825
2 97789
1 1535194
1 1538921
1 133287
1 912032
1 520419
2 63928
1 384389
1 1472306
1 2021101
1 1270833
2 577152
1 1474138
1 2117953
1 1207626
1 1894852
1 965074
1 926290
1 1010547
2 365617
4 16384
6 63167
1 573812
1 1418546
1 1411262
1 1436478
1 2097810
2 870633
1 1097567
1 1449506
1 540970
1 418996
1 2362030
2 73394
2 758807
1 77839
1 485786
8 4869
2 642902
1 973286
2 570258
1 174478
1 908667
1 209677
3 358264
9 5117
1 2039863
1 652360
9 18418
38 207
1 1027451
1 2386929
1 146770
1 2184415
1 2364614
7 52361
1 1712319
1 977184
1 1154229
1 934582
23 4724
6 36193
2 681228
2 698797
1 320264
2 658169
1 2347866
3 276072
1 2030232
1 23626
1 999733
2 492448
1 1997921
1 2034684
2 809212
1 986678
1 1703843
1 2072789
3 217626
1 735841
4 135286
4 68789
1 2235404
1 2050094
1 856949
8 6385
1 1395331
1 566383
2 337166
1 1027515
1 303920
1 1555623
1 669170
1 1279938
1 610628
1 1407794
2 48100
1 1153130
1 2277917
3 236265
4 33750
1 2178765
2 805586
1 2116123
1 1650986
1 1947508
1 799179
1 604115
1 900503
1 290739
1 2425447
1 1252810
1 2150710
1 560317
3 712554
1 463872
1 22443
4 41471
1 1251597
3 665888
2 468183
1 1767245
1 2236000
1 876815
1 419537
1 297725
1 469358
4 229896
1 1045803
2 502372
1 1649323
1 39576
1 129689
2 480641
1 123113
1 996435
1 1830902
1 883079
1 456756
4 284446
1 1048241
1 1169796
1 661493
1 1215694
1 1423497
1 500002
1 1644547
1 1398666
9 2981
63 89
1 1289133
1 528538
1 1032434
1 266853
1 707702
1 858354
2 308862
1 2142572
1 1422412
21 7216
1 2095823
10 8123
2 899822
1 1220086
7 41273
1 6801
7 4647
2 545498
1 1644509
2 240899
2 533530
1 1035139
2 165975
1 935566
1 795837
3 291277
1 295788
2 34865
16 2326
1 298692
1 2448200
2 514325
1 2217634
1 1174110
1 1088408
1 828936
1 937897
1 704154
4 78898
2 361979
1 674269
1 1731163
1 367723
1 2331671
2 494761
4 168692
1 2187577
6 93810
1 2372940
1 1155306
1 1062154
1 1687986
1 533206
1 153240
1 1967412
1 1299993
58 1353
1 1086510
2 292546
1 2352088
2 363128
1 772118
1 2414575
1 1657062
40 503
1 131554
1 1922914
3 301165
1 679177
2 127693
1 2454481
1 131194
1 1679344
1 1559930
1 298438
1 1428523
6 36994
1 768707
1 2352044
1 1309984
2 287214
1 1620032
1 200251
1 827983
28 2930
1 2188445
1 690001
1 134976
1 17670
1 1696369
1 759130
3 632833
1 1420817
1 251013
2 743522
1 91508
1 1261689
2 811362
2 256863
1 997067
1 1560937
1 155722
1 1987100
1 1442902
1 1984601
2 135976
2 741855
1 2383953
1 1853623
2 226373
1 612671
1 1486185
1 93727
6 61366
1 1085679
4 44414
1 1855590
1 2033173
1 16213
3 346149
2 57015
1 1003595
1 1705883
1 1064044
1 361993
1 1839834
2 117150
1 486648
3 370334
1 2407223
1 1328480
1 952150
4 300237
1 2131892
1 1404960
1 2111863
1 1719691
2 17223
1 8515
1 635852
1 1690290
1 308434
4 296811
2 247982
2 295737
1 1090682
1 601063
1 1701776
1 355339
2 366367
4 301987
1 834412
1 583617
1 434607
1 968582
1 1688481
1 250665
2 457938
5 88791
3 198570
2 57432
2 92935
3 343499
1 2266764
1 1391223
1 1513894
1 1645646
4 16653
1 1872071
1 302807
1 2382637
1 597498
3 152483
1 949990
2 194809
1 1357208
1 1386106
1 1433261
1 172921
1 123205
1 1171323
2 296732
1 397987
1 211168
6 4367
5 83014
2 539496
1 2450523
1 1999057
4 62631
1 736994
1 2318380
1 1400231
1 1157120
1 165153
1 1782621
1 483425
1 911603
1 73042
3 611032
3 275875
1 827189
2 820559
1 1032491
1 1686854
2 740280
3 412349
1 1416907
1 1925507
1 1745128
67 550
1 2421972
1 371813
1 2072965
2 424192
5 15084
1 1061584
1 1013557
1 2203864
2 498104
1 1173827
1 794201
1 2314715
1 250199
1 192585
1 2440444
1 2378630
2 624478
1 2350198
1 597365
1 27876
1 2275246
3 726242
5 74530
1 2098511
1 1465109
3 105262
1 1613830
8 256
1 2402730
3 189542
1 1701127
1 29881
1 1619862
2 24693
1 1116899
5 43516
2 210260
1 475359
1 1731910
1 2420244
1 1149099
1 379485
1 1137578
4 114036
1 399846
1 2414102
1 768363
1 1737000
1 1541745
1 2363054
1 352519
1 2280125
1 73595
4 130168
1 951350
1 82960
1 1752794
1 2000621
1 2439637
1 1669532
1 1752885
1 891560
2 585103
1 130437
3 208469
3 188593
1 1136289
5 120842
1 531191
2 351216
1 1979445
1 1514793
1 300405
1 2040957
1 491952
3 633645
1 336875
1 580978
1 1474817
2 899639
1 283994
1 1928148
1 883831
4 125492
1 442909
2 204052
3 458324
1 690124
2 541477
1 259570
1 312266
2 825126
1 1816231
1 513427
10 24123
1 741239
1 1586710
2 237117
1 1901221
2 227813
1 339260
1 1348846
111 274
1 766821
1 529887
1 2408468
1 2006929
4 158978
1 1248902
1 1831075
4 142979
4 238830
1 1963248
1 1257634
1 1567260
3 738345
1 1649601
2 421323
1 844580
1 810242
1 2381332
1 1270817
2 230936
1 2371037
1 346668
1 797471
1 1345010
1 1369127
1 367616
2 700568
1 1818070
1 2020041
2 625308
1 348781
1 1529951
2 372137
3 369169
1 667370
1 2246788
4 311179
1 1038961
1 1918299
1 749169
4 249206
1 1816343
2 265522
1 256400
1 1707642
1 1408467
2 245795
1 2311000
1 459048
1 2352167
1 1264698
1 1725221
2 370212
2 56313
2 683640
10 25863
1 1050629
1 521049
1 1685517
2 881122
2 498627
1 257017
1 1799739
1 1553234
1 1229774
1 1448097
1 1067916
1 25306
2 161903
1 1928235
1 901673
2 118123
1 2416091
1 306814
1 1779120
1 917839
1 1563300
1 639331
2 65271
1 169081
1 785434
1 775700
3 174925
1 2028190
1 394979
1 2435469
2 80459
2 324464
2 732112
6 62085
1 707406
1 253660
1 879729
4 115023
1 82275
1 526741
1 755576
1 2457325
3 49172
1 1664929
1 523052
1 1799868
3 134404
1 2091864
1 349571
1 1568498
4 227817
1 1224844
5 96331
1 1854831
1 231007
1 1450280
4 78472
5 121053
2 737506
1 1403582
1 1936505
4 212121
7 1415
5 88305
2 671465
1 1128228
1 2175673
1 2433309
5 106110
2 13990
1 1521247
1 1552212
2 258351
1 1560359
2 549883
3 50424
4 204453
2 64648
1 1015815
2 854164
8 30383
1 650432
1 168304
1 1130888
1 1116392
1 2263415
2 357242
1 149446
2 552064
1 1845250
1 381241
1 439405
1 972977
1 399794
1 651101
1 660957
3 38658
5 74563
4 322543
2 171041
1 2152710
1 943299
1 1272205
1 1589775
1 1223881
1 934954
1 790449
6 44100
1 811515
1 2176636
1 2020045
1 190308
1 1637001
36 2838
4 244113
1 2457943
1 540208
1 372571
2 312927
1 123628
1 116058
1 2086019
1 1494401
1 718468
1 1696010
6 82027
1 1221899
1 1915869
1 999269
2 823044
1 1738841
1 385553
3 209314
2 661993
1 1849261
75 2665
1 71488
1 669833
2 388089
1 680626
1 260036
2 193381
1 2275667
1 550767
1 966514
1 120126
57 2382
7 47478
1 1901950
1 2336777
1 475155
1 1346835
6 9557
2 148408
1 2192768
1 841418
2 347328
1 2125968
1 672420
1 580097
2 304900
1 831877
4 176880
1 1523967
1 1721169
2 667565
1 1925308
1 492049
1 2184100
1 847464
1 1128156
1 1571847
1 433320
1 2097052
1 1872796
1 1663785
1 579798
1 766402
1 2215756
5 98680
1 1141890
1 2423794
1 1636444
3 589828
1 1414671
2 889129
1 971837
1 1769264
1 2180195
1 2178984
2 887409
1 399937
1 526349
1 481204
1 258729
2 278988
1 2340019
1 1527724
3 540047
6 83050
1 1448217
3 576889
1 1607270
1 1580342
1 294152
1 896023
1 1056053
1 2060269
1 1004513
4 196615
10 5564
1 1994687
1 1663838
1 2177392
1 2445631
3 68064
1 2083320
1 2236644
1 1152772
1 430534
1 1275954
2 183806
1 1611095
1 1507102
1 2371289
1 1579477
2 654490
1 482034
2 742664
4 8782
2 156900
1 978785
1 273204
4 187465
1 921117
1 1069655
1 779583
1 1546172
1 213432
1 926147
1 1494209
2 775735
2 110961
2 649156
2 857398
1 334358
1 1112871
1 2378459
6 91591
4 221306
10 25558
1 228013
1 851666
1 2190317
1 2449174
1 1767101
1 907051
1 600137
1 119214
1 2144758
1 309703
1 393590
1 1248225
9 28364
3 630341
1 2235474
1 1740605
1 1338443
5 31891
1 1538853
1 1288124
1 1882600
1 1219904
1 1036384
1 912186
3 41254
1 1671037
1 1791533
20 5515
2 486624
1 709916
1 2294356
16 8100
1 1526048
1 1329484
2 420058
1 2082635
1 569524
1 2401794
1 1346369
1 217411
1 2350074
1 1732046
1 857879
1 836248
1 2267396
2 35914
1 1318443
1 825295
2 360845
2 395968
1 83675
2 827829
4 125933
1 319590
4 322673
2 720077
1 1399580
1 2148905
1 2266904
2 859675
1 1291448
4 80284
2 314880
2 220765
1 763822
1 233852
1 2241198
1 1640140
1 1981184
1 807159
2 250258
1 1309528
1 642160
1 1481753
1 1120509
4 255177
2 118464
2 660106
1 1681599
2 627448
1 1557513
1 1045507
1 734867
5 132066
1 1140380
1 1210421
1 1105993
1 1909960
2 67606
3 485752
1 741270
1 2370043
1 1025333
1 2074991
2 385883
5 103468
1 585102
1 794381
1 694772
1 1632159
1 231937
1 2024876
1 783512
1 3850
2 141803
1 1272224
1 1335470
1 939906
2 477085
1 2132413
3 130715
6 51720
1 2234924
1 319417
1 278155
2 364851
3 432771
1 2162262
1 1902195
1 490966
1 2168264
1 2170864
1 2211087
2 7342
15 5458
1 258026
1 2267040
3 585669
2 703641
1 2131461
2 657206
2 84819
1 1142699
1 189684
1 1963625
1 1889215
1 1265884
2 568774
1 2288193
1 169638
1 2221369
1 1509227
8 3162
3 345992
1 116881
2 69973
59 2004
2 477453
1 509916
1 513283
3 266767
2 157411
5 37226
1 560544
2 530776
1 359145
1 1004063
1 750433
2 752170
2 707969
1 352667
1 1579418
1 331193
1 1210533
2 768256
2 740030
1 2403047
1 1112331
1 809226
1 2442981
1 1140918
1 1117804
1 1815383
1 319162
1 398924
4 44954
1 1768047
1 2141064
1 1662177
2 250337
1 1203717
1 1515969
1 1524437
2 764142
1 913996
1 511940
1 1387254
1 135686
1 255275
5 121038
1 2348557
12 4899
1 67876
1 812792
1 1428579
1 1601780
1 1576631
1 1061332
4 185262
1 156302
1 248562
1 1144611
1 2241242
2 181396
1 1277710
1 1626328
1 2212537
1 1721567
1 1195664
3 657423
1 1402856
1 2325280
1 952792
2 767417
1 2004163
1 2053854
1 1948776
1 1151596
1 362215
1 553995
5 22158
1 195426
2 595026
1 1122056
9 33638
1 1050291
3 238051
1 1041630
1 1889158
1 1666953
1 2406451
1 1966153
1 1524746
1 268159
9 507
1 1701540
1 66954
2 120052
2 642697
1 255667
2 745813
1 1243460
2 228345
2 55423
1 166897
1 1311248
2 162997
1 1721917
3 539952
2 770063
1 2307654
1 940222
3 46834
1 1213201
1 2051923
4 17880
1 994392
1 174855
7 46025
1 2223192
1 143851
1 1618161
1 2104946
7 58791
1 2367523
1 1559122
1 1634763
1 2303306
1 757739
2 184889
1 2259107
6 81679
1 311189
3 123183
3 236690
1 1315420
1 1296749
2 101184
3 265703
1 63530
1 2022526
1 1231891
4 187459
1 522707
4 117891
1 2176541
1 1475404
1 406293
1 316709
1 1772862
1 1901868
1 2045722
1 1587040
1 2315227
1 1497719
3 772167
3 625009
2 219729
1 1953621
2 433475
43 1819
2 496997
1 1442736
1 1335020
1 1050514
1 698939
4 110720
1 1236787
2 746878
1 2035424
3 391809
1 1496767
1 1979126
1 1789967
2 518632
1 2228757
1 2015859
1 1015748
2 2008
3 110781
1 1097782
1 1496457
1 396874
1 1432497
1 1201209
1 2179269
1 147173
4 270575
1 737623
1 2191306
2 115521
1 709313
1 161971
2 756149
1 1191101
2 177134
1 1968495
1 1979771
4 5947
1 231018
12 731
1 665503
1 1364995
1 841378
1 1681291
2 378705
2 256169
1 393084
1 1639958
1 135646
1 2103803
1 900531
4 1746
5 75549
1 1831503
1 1440418
1 1029218
5 103634
2 487351
1 1176432
1 627231
3 128966
1 1913961
1 1479389
1 419537
1 751198
1 216505
1 432236
1 814989
1 1594374
1 1811181
2 354937
1 1513894
1 2177881
1 491606
1 2033085
1 1637968
1 471061
1 2379176
1 2233120
5 99006
1 115222
1 546273
3 626701
1 600663
1 1453004
2 438369
1 123616
2 137040
3 175022
1 873623
5 62632
1 474300
1 302374
1 1261062
1 929969
1 579816
1 78258
1 194335
1 2360795
1 2413799
3 439483
2 332382
3 378916
1 2048778
1 2276644
3 484248
1 2399998
1 689917
2 850104
38 2000
1 1821968
4 146765
4 80244
1 1903489
4 58127
1 604750
1 439219
1 418849
1 2282714
1 1370729
1 2032396
1 892384
1 2364375
1 16137
1 2336129
1 767938
3 685073
1 843588
2 451519
67 1012
1 1274376
1 1376172
1 2077278
2 369400
1 1430315
1 2042342
1 2084882
4 188710
1 1548287
1 941951
3 179276
1 1703824
2 213255
1 59792
9 16402
4 122232
1 552299
1 1699288
2 260089
5 77875
1 2017747
1 912852
1 279333
5 30291
1 2353018
1 2350303
1 596879
1 1025335
3 569269
2 521846
1 985520
2 454617
1 1263685
1 1849007
1 2030704
4 73114
1 1315948
1 237157
1 527032
1 871538
1 806880
1 1596361
5 85545
1 610344
1 1221392
1 298377
1 152018
6 63933
2 259079
1 688581
1 1662624
1 1142118
1 2377208
1 1433821
2 902805
1 9165
1 2051210
1 483265
1 934708
2 768168
2 106719
1 827681
1 389827
4 46208
2 80640
3 318891
1 1156869
1 2364316
5 32090
1 895566
1 326265
1 1465203
1 935858
2 798838
1 1080737
1 1690883
1 1145141
1 1719592
3 696092
1 415362
4 318188
1 2437043
1 1989391
1 376502
1 1001371
1 284420
1 349257
1 856166
