1814 27
1478 45
784 172
1193 3
1242 1
1465 1
373 151
1487 11
1118 30
584 339
1505 17
508 497
802 39
416 40
306 139
1406 45
614 145
575 379
879 96
1920 6
569 7
1234 99
1113 99
534 24
661 83
811 125
1415 34
681 85
331 260
283 228
1077 30
1292 60
453 138
290 150
1062 165
728 189
936 136
1777 5
453 284
1488 5
1208 128
624 234
1161 56
794 111
1107 149
555 409
2693 4
1234 124
627 282
1599 1
1121 26
399 110
563 4
611 227
864 183
426 425
535 407
983 53
1378 57
423 367
505 80
2032 4
938 29
914 183
1068 90
936 156
1268 50
481 350
2244 22
301 79
547 366
515 472
805 55
881 139
311 267
464 94
527 277
1037 45
1124 13
651 290
530 18
516 471
1309 101
1025 94
542 403
1730 7
120 19
877 227
153 5
2607 12
635 309
339 180
2234 21
689 57
1870 30
495 201
311 290
653 349
1357 64
270 239
1048 102
997 6
193 102
264 188
405 116
1150 38
327 206
593 189
225 123
1045 15
1215 63
629 228
471 180
1009 168
249 248
656 324
1013 21
2084 32
1972 18
452 264
1932 17
1104 61
413 287
2019 25
982 31
414 309
1792 24
670 146
488 5
433 96
615 171
694 110
1334 22
616 45
663 222
386 306
1466 20
205 133
1783 29
2070 16
246 219
536 103
953 174
1427 60
755 28
1909 38
1443 39
526 365
2048 33
97 97
437 314
371 15
214 123
491 431
247 134
671 68
1533 15
1258 113
449 437
492 133
1350 41
217 118
219 1
503 408
592 1
963 42
766 62
236 49
868 10
739 276
508 281
1784 24
547 265
621 30
1600 18
387 21
713 199
678 101
867 230
1464 66
196 75
2127 3
635 284
627 290
887 185
1278 39
241 1
1379 95
719 265
2352 14
190 36
2305 15
305 95
471 376
566 160
856 1
2674 3
1254 59
669 153
470 131
1513 49
476 377
1668 16
395 94
535 430
951 198
681 276
568 230
1835 12
250 170
474 28
1360 19
1099 68
150 43
424 171
353 197
626 92
1366 12
3353 1
521 341
494 318
1017 87
338 251
2193 18
555 409
1177 132
552 411
2369 20
1946 44
695 1
536 388
543 223
333 293
139 88
843 185
1035 81
493 278
1824 41
312 243
470 434
399 200
4294 1
1104 1
292 138
1213 37
283 178
843 224
537 406
2654 1
787 142
482 274
382 145
483 114
857 54
1603 29
517 65
701 43
1504 63
425 7
261 128
343 141
314 223
831 246
271 69
416 66
587 81
1852 2
2244 5
174 1
809 90
1137 46
1680 39
490 56
1478 1
697 202
306 275
4519 1
307 13
272 211
2995 1
383 23
1224 113
1025 24
1391 67
444 284
1199 4
1008 161
365 97
677 114
748 277
1934 14
912 21
930 17
868 169
173 54
260 117
169 37
1859 42
680 225
366 200
247 58
1349 57
485 335
274 60
1009 163
398 104
3157 3
261 79
813 212
647 143
404 93
832 109
679 96
544 370
560 200
774 29
263 19
675 125
274 7
449 265
511 290
562 305
1422 65
2432 6
298 149
1163 118
318 295
951 125
1356 51
986 62
2428 12
582 300
349 211
4170 1
1307 109
436 263
487 97
852 222
1528 59
423 405
1135 136
542 426
199 6
380 199
556 134
948 124
1184 63
282 196
1413 66
1516 38
355 149
2432 11
262 6
1268 126
407 333
765 259
1662 34
674 7
1224 1
3972 1
132 112
1204 110
682 275
372 87
1449 11
882 126
52 48
790 236
411 120
242 1
497 138
325 201
1437 75
502 474
1704 61
1560 61
664 206
4302 1
491 180
661 193
1234 98
623 187
1669 59
275 206
2165 19
1568 54
411 214
1896 36
279 86
110 97
1009 68
502 96
903 121
977 145
1463 8
494 415
439 380
150 102
909 89
851 65
1214 65
229 183
1062 148
1628 11
100 94
625 244
2043 29
762 233
1544 77
1575 1
722 64
679 1
405 322
1243 71
489 169
466 200
492 86
901 123
1246 65
105 68
914 113
497 248
1352 106
422 162
718 124
581 213
516 114
674 293
501 362
1495 16
859 78
975 99
2546 2
519 49
828 203
393 325
3471 1
409 58
544 339
911 166
2437 1
83 42
743 202
441 346
760 8
442 174
272 147
685 271
1154 45
1023 163
759 198
435 354
1422 1
4076 1
1668 3
368 65
378 192
216 94
934 190
890 29
4048 1
216 93
1197 47
462 228
41 9
867 50
1370 92
1449 33
454 444
753 235
431 211
126 108
1244 85
550 345
747 19
604 203
551 280
1254 14
1378 34
535 426
470 304
347 106
559 389
978 85
976 85
513 359
2116 2
417 190
914 102
497 432
844 121
785 208
635 163
722 185
1247 85
693 41
1688 29
672 13
990 128
1347 87
592 39
3160 1
3164 1
345 143
221 188
330 149
1315 34
654 196
2665 10
244 243
1162 23
934 133
337 259
348 250
1120 91
2003 1
3618 1
881 46
612 93
1229 51
1270 57
44 8
224 7
1506 34
285 247
2805 1
1232 105
363 227
217 161
1488 15
281 115
413 404
1566 71
1197 61
540 260
1412 27
441 59
394 177
719 89
1106 115
1007 61
1172 38
624 159
771 66
3288 1
730 153
491 39
1122 72
1430 67
1997 7
1412 95
1100 119
672 53
449 365
900 104
507 438
1117 33
212 82
171 30
1482 1
1726 32
344 342
2306 23
1611 2
241 17
110 100
339 224
587 278
1074 111
1245 9
439 21
666 102
432 229
793 44
1428 1
713 148
2063 24
752 80
1197 27
739 33
485 70
567 96
1833 31
806 245
376 145
787 41
4277 1
2782 1
543 448
704 90
1100 158
1156 47
618 60
346 47
336 299
1326 105
1587 13
212 160
1062 34
3394 1
514 335
1311 89
582 111
550 444
1715 34
495 188
469 163
1699 33
496 199
121 112
439 346
899 142
759 251
1352 104
1365 2
483 179
481 293
1124 18
554 119
708 1
1501 69
1776 11
1083 150
734 184
607 79
465 246
1690 44
1148 62
1032 105
576 412
1561 1
503 381
831 175
271 215
819 13
450 51
404 378
1495 68
576 180
743 113
1298 12
454 137
257 47
466 46
803 1
1675 38
789 239
923 205
950 165
923 25
444 81
914 10
266 1
203 83
1249 69
1316 102
1863 42
701 19
2794 1
251 248
747 93
999 2
382 225
592 305
566 224
1017 142
1950 12
543 278
1070 141
480 16
220 95
750 48
545 1
1688 1
458 411
1639 56
428 72
1545 1
603 27
402 381
500 30
567 410
1167 85
364 48
406 1
626 296
593 64
68 4
374 57
977 26
401 299
469 355
1389 68
1378 70
940 92
1284 2
1050 15
705 45
628 131
2527 11
481 249
526 391
440 1
587 1
1589 45
176 107
909 119
971 96
1878 2
1197 22
574 8
482 428
731 38
528 58
758 124
436 432
557 30
660 14
916 204
942 92
1048 24
469 415
601 356
680 169
135 94
1123 45
1485 7
682 276
2 81801
1 22201
117 3201
86 4798
58 20005
8 22316
19 11053
22 11491
452 519
15 26975
47 17599
26 4972
34 15963
5 11404
27 33672
92 2268
54 11362
102 11521
82 12287
29 16795
8 78257
108 7713
248 824
47 22171
136 2005
49 2404
243 1248
1 148192
5 80065
27 11509
4 19701
15 50250
12 52040
2 116197
323 563
34 28822
2 71511
97 4418
16 36928
5 62795
91 4417
7 8337
8 82197
3 52949
1 157232
208 2389
86 2720
170 1470
6 28429
6 39188
55 11774
64 17080
1 79387
2 56772
10 40987
20 48005
1 46050
18 39055
13 103
222 336
70 780
110 8254
85 14964
7 93170
19 45786
1 66451
2 82987
5 13677
60 6525
52 4442
6 82492
69 1463
4 24785
93 3378
151 2579
239 1604
16 36002
42 18091
37 30306
2 68233
24 28654
7 64419
64 12458
36 5470
10 36023
17 36987
3 67542
47 6771
22 46008
71 13752
8 82567
23 33087
25 35507
21 4720
1 101178
42 467
83 1019
10 76068
3 53634
233 1399
3 6285
2 144399
15 67892
43 1648
78 12814
8 30654
54 22478
116 1117
79 15097
7 34506
59 9248
39 15807
47 7448
8 36269
22 34748
1 18065
56 23698
64 16173
54 20911
97 9004
24 49075
324 828
104 8727
266 1407
8 35244
119 1170
94 1288
1 37217
191 1679
74 7003
168 1167
12 51651
1 13228
336 369
57 16524
345 772
53 16167
37 12417
16 14746
19 46904
69 17773
3 37541
134 1619
481 543
17 16441
64 20543
3 7701
65 16315
1 154150
14 20326
21 13536
25 5860
44 27602
13 41441
163 634
141 5989
9 28506
41 16033
42 8657
4 79357
367 834
32 15229
1 84032
1 8597
2 166910
44 26053
11 23748
27 128
34 14080
2 3070
54 19892
2 91768
16 27517
51 25769
37 22429
1 15261
257 327
1 212624
62 13937
9 58547
144 4091
17 17698
41 23847
99 11969
2 3043
19 3142
1 135620
41 19874
2 99933
14 2448
52 3023
4 73667
55 22577
125 6732
7 62787
232 2026
2 156625
65 10545
5 64247
78 4222
40 33100
31 40234
1 157636
21 42970
41 19885
31 7657
2 78320
11 44672
12 73529
5 12422
66 17196
33 42824
58 2649
78 6629
3 29906
1 78148
39 34176
1 64557
1 89847
91 6501
161 1244
43 6739
17 32679
49 23020
1 233556
45 21268
4 111603
145 4466
1 224087
15 42550
278 313
3 8260
30 17511
13 62730
37 28493
104 519
93 7896
27 40372
2 78844
6 56910
7 74006
2 122326
6 49520
1 134418
4 60452
3 38372
86 3101
1 152307
16 16401
1 162143
8 39785
9 45676
2 74367
214 2352
11 8500
1 198543
20 14030
19 17340
101 2444
8 52910
27 4966
1 58140
10 9225
6 15943
56 16119
56 9539
53 26558
35 32510
60 2299
75 984
2 77794
42 13241
40 32088
107 3996
3 111949
44 11540
23 11730
32 40947
45 30971
180 388
4 49218
13 28974
358 510
145 3708
56 2753
51 8141
68 9661
7 17843
21 16130
42 32766
10 38089
166 876
20 52320
21 33536
188 3488
1 201262
1 68338
2 103896
4 18632
63 13050
4 10942
92 846
2 133038
1 134514
3 84448
69 19625
136 6981
158 298
2 2679
70 13964
121 7202
253 1120
15 1139
137 550
63 16582
202 1681
20 39692
22 51090
21 54484
1 140803
111 9310
17 63789
223 1600
1 149000
27 38594
186 1331
91 13638
10 60904
2 18981
117 228
27 28786
18 9664
4 60926
15 22590
10 42147
18 38316
84 11749
25 16622
218 318
24 29768
100 11627
11 34329
51 3109
400 478
80 12934
124 3586
77 6521
2 86005
102 4572
2 156458
111 8031
98 11704
34 29216
45 27441
16 5001
2 136522
25 32142
3 33757
1 78886
247 1006
44 9597
378 515
33 7695
181 1505
143 1291
26 28584
1 153893
42 33983
16 8055
8 58950
64 4087
38 866
5 15765
93 9441
87 13499
125 5127
3 54615
2 94699
6 52064
3 102906
130 6652
62 16248
81 4415
47 27479
10 53440
2 90499
31 31568
16 47038
53 9057
14 68386
3 86896
26 36363
77 2004
167 3561
2 11928
30 19213
1 12747
10 56662
19 22003
19 20457
74 7032
146 6173
66 7833
6 85969
130 7661
32 1136
34 33650
124 8230
46 27648
116 4420
1 143692
4 92101
4 31669
35 34671
33 37209
1 201732
310 799
1 165633
2 34614
2 14097
16 58708
1 188245
71 2744
35 4224
11 80108
18 37174
91 12313
2 96180
26 24811
195 1873
133 7147
8 36695
46 6072
149 2671
146 3297
1 197863
115 6637
11 69668
5 2075
3 27864
17 12576
17 3657
22 46998
65 13546
8 87147
25 9194
26 38607
2 150824
67 8816
205 525
7 60756
21 20293
151 1987
383 396
161 1343
1 25546
132 5749
109 2665
99 4158
55 24612
22 44471
55 2694
21 39520
1 73515
2 122163
15 5959
1 142241
303 1101
7 42887
21 47685
152 4944
2 64572
18 10622
3 121048
45 9722
214 2609
104 2495
12 57173
202 1901
8 37549
35 10387
1 76126
9 65952
53 18699
31 31681
9 40849
200 1851
2 75600
337 801
91 4518
66 1050
25 21296
63 3869
6 37337
29 40854
88 1493
2 54659
39 3399
10 33875
32 5958
140 3585
34 1016
9 84680
11 48309
41 4669
100 9331
6 78325
93 2415
1 45685
1 40033
72 6117
30 28784
57 11857
24 51912
96 4488
59 2903
16 58551
62 6198
5 83118
9 55187
3 4810
8 48313
2 147730
1 228707
4 48016
54 3173
149 2482
5 18030
1 41311
1 121088
40 23425
61 13215
69 1279
23 31864
224 955
1 220975
5 50427
3 28793
30 37079
5 92618
228 383
17 13158
151 3915
48 13737
38 953
258 1360
67 4764
3 11959
27 48563
5 64231
1 68142
111 3470
62 14608
47 21826
186 2404
6 97800
27 43777
1 68779
287 977
6 55272
97 8606
26 13232
2 163104
16 32372
42 23920
66 18751
94 5592
42 26444
25 38399
17 168
19 5085
41 24968
13 32519
2 103377
9 33339
86 9324
36 17933
9 35193
17 56306
31 40913
5 54357
43 21357
31 35295
32 31077
24 3545
148 3317
111 4424
8 76564
97 1331
30 24282
62 12011
84 627
101 660
25 32439
100 8166
3 106864
154 2037
3 19346
6 25306
86 1256
24 40845
3 15381
93 1722
83 8601
40 22161
159 3851
25 24093
2 59967
1 179017
21 46810
36 13436
32 23119
77 10582
19 19997
27 46660
4 91359
1 93021
11 65636
116 8900
63 17283
3 5014
161 4393
338 560
100 5998
20 32339
12 37010
222 894
8 89093
1 104172
31 3936
4 74836
22 46991
10 43117
47 27058
5 74789
9 11090
1 82899
65 13343
4 38135
23 50937
2 40858
3 14516
26 36706
15 26235
10 48739
46 9002
57 13319
66 559
148 4201
32 41970
16 4130
4 62175
13 29835
45 18690
75 11957
25 20696
26 50547
4 52764
6 64676
10 30483
34 21636
10 2121
5 43069
57 10149
81 7248
29 16614
5 102120
3 50089
8 8078
1 187
33 19871
76 15383
5 66646
55 4533
192 205
22 50724
26 45444
74 1636
110 2099
12 67466
6 84496
103 10132
99 6214
1 49029
90 10203
103 4142
29 14284
59 13928
11 79585
112 5160
122 8312
163 2119
47 7796
2 161449
3 110435
15 62807
4 50692
1 48735
5 6737
18 26112
9 44524
64 14411
17 45099
11 80613
47 7586
98 4269
62 1176
35 32419
222 1666
74 6931
32 14979
1 200553
12 74457
143 3215
9 16445
56 21561
1 166178
25 16667
19 44460
12 72365
94 4011
1 206145
132 6539
52 11615
46 20594
5 22778
19 14332
5 9884
3 45723
17 21438
93 12054
37 271
43 1380
2 69177
18 33839
2 93003
34 16045
83 15570
31 30446
170 3873
86 6908
217 969
31 40527
31 17072
25 27025
3 57313
20 4661
10 41959
5 37805
14 52824
84 1397
1 112825
2 156496
7 75005
43 2440
29 11521
4 43762
1 207330
1 156672
11 13679
10 14580
1 30308
34 24409
19 344
39 12119
10 36185
18 35052
13 8836
59 6041
46 21517
20 9003
37 29698
87 964
21 38597
42 2081
27 10457
217 1395
53 15068
4 13143
69 18424
17 46466
34 27524
1 44424
36 32676
65 3670
9 41041
65 20945
29 42543
3 98004
236 420
50 27933
4 105749
271 693
3 26528
25 10438
97 12250
23 45797
4 41566
35 18360
35 28938
6 5653
12 61282
1 107773
15 55617
18 44966
44 19194
1 147028
2 33198
40 6333
6 57008
146 2894
16 59255
42 32581
34 18331
12 70876
23 55913
221 1623
44 28592
180 1069
104 10665
28 11697
112 873
119 7725
95 12574
2 31658
4 60804
34 25043
17 35773
57 20147
63 8677
36 24778
43 21825
123 8116
46 9138
29 21417
51 16763
24 46765
23 13236
47 16508
20 35982
11 58282
11 6004
7 5821
1 149044
192 2145
3 9152
88 7954
114 7388
11 11976
16 6091
99 1293
86 8835
38 24640
6 89220
74 8020
31 8823
1 25890
1 111398
20 40966
73 13185
58 527
107 4524
48 4218
2 59309
119 4248
1 62481
1 169056
9 18113
1 392
6 101817
82 5862
26 48583
2 81132
3 25003
89 14194
1 41529
9 57866
164 1675
55 11535
147 5101
2 9984
8 3505
22 34393
1 13753
32 24660
89 13577
150 5792
109 5928
26 25955
288 661
5 106631
47 23394
1 72315
3 25918
134 6249
32 13060
90 5689
435 494
30 292
17 38723
474 557
4 32255
8 26087
41 33451
206 1658
5 62079
31 35070
211 2107
21 32399
14 61162
18 3073
3 60145
32 1192
24 14876
26 37289
28 26171
20 46744
51 6786
63 19134
222 567
2 109545
76 14780
2 119189
50 2989
6 81818
132 357
34 39251
5 61196
13 3654
8 51704
9 39750
165 2178
75 17844
8 63220
12 16838
17 50301
10 76724
1 7215
265 1310
73 223
2 17224
5 11781
76 13854
18 39043
174 1968
14 1712
87 9373
30 32313
19 56318
25 34458
50 16265
7 75700
32 11005
37 34852
22 47662
12 3828
2 104575
193 1791
19 58205
1 216101
15 26924
23 50894
4 51586
95 5884
73 4309
148 594
39 18776
33 18980
1 31548
41 13889
1 194293
48 14434
5 36496
4 81975
7 5339
81 573
1 35078
222 267
9 73617
3 127377
40 33567
10 31849
21 30761
19 23419
12 29219
128 7892
56 15512
91 1136
104 4861
48 23256
72 8099
118 3417
3 1558
161 3805
46 24857
12 13735
51 12200
83 8143
166 2475
31 33304
67 4788
11 67978
197 242
224 2174
5 5505
112 6191
33 19861
351 699
252 636
23 17750
50 484
3 62389
37 28906
298 1002
1 170373
44 27573
20 6777
73 10250
82 5866
25 4502
1 159836
24 25632
38 16392
8 91076
4 53706
13 37119
109 2603
39 8986
67 8224
19 30219
142 680
11 39124
46 14385
8 2104
56 12754
85 13968
52 2802
20 5175
10 51733
258 440
132 2044
9 277
3 94441
10 82871
25 16617
2 74344
8 32214
54 12705
33 23427
106 9156
6 6799
41 5028
28 15512
58 1692
21 36953
210 1025
43 26717
102 8791
68 7106
41 12751
7 13958
30 22069
27 1507
62 10362
100 5024
256 336
52 3663
69 883
102 5058
2 133349
42 22983
56 7155
295 681
254 1652
12 29970
2 130046
53 618
16 11610
19 2692
3 34726
21 18832
91 8319
3 21008
33 29912
1 216484
25 775
1 223337
63 7102
190 1747
58 17448
22 9311
30 17517
48 19355
21 10239
7 17939
28 40385
35 1883
20 1674
23 3729
9 52179
6 33196
46 5749
60 4336
36 39700
1 53724
137 2532
14 16016
41 18444
2 101150
11 61823
102 6988
47 19299
32 33859
23 3757
131 2473
96 648
1 184723
113 8274
231 2127
384 450
1 118205
7 88265
1 17291
6 83975
75 10328
54 22845
62 2640
20 27872
34 71
38 9797
53 13704
14 33744
6 40697
27 28227
106 155
147 1761
14 40089
87 5958
163 4364
23 24211
22 20732
20 7444
37 26178
1 231763
4 113263
50 12496
74 6239
109 9438
172 2468
8 15862
49 26018
2 52789
1 36284
1 151808
151 237
48 17862
70 19255
1 91368
5 103490
5 4154
1 37936
336 1005
18 7636
164 738
144 5569
12 43275
4 51656
67 19831
56 21771
1 209448
1 2911
19 33306
55 17663
5 46388
7 35603
44 5813
48 26961
67 8155
340 351
27 26990
11 77426
140 3383
5 72915
415 496
39 19081
26 23126
32 30882
18 12150
94 2480
193 2248
74 6128
210 1604
26 28837
93 678
95 6922
21 6973
111 6630
27 22300
20 37712
60 8246
12 27773
15 2337
30 14656
9 39312
24 30677
66 2610
26 36531
8 35922
2 98910
89 8986
3 14278
1 86287
101 11080
6 41270
19 47216
23 51520
1 160021
137 4551
4 18119
78 4963
77 14068
3 101761
46 23252
7 77250
82 7376
78 7749
130 1482
18 35661
135 3634
2 129509
23 52143
1 106836
144 4734
1 39925
95 9064
17 43008
6 17531
39 19514
30 38363
37 2109
6 35215
76 9127
9 9164
20 46049
121 4497
18 23872
44 944
94 11540
385 718
41 15572
153 4637
11 75107
52 20299
62 1701
10 36718
151 3896
24 15441
54 17615
363 862
141 5653
5 32018
21 32758
22 16738
56 16767
88 3308
3 15740
42 14675
50 9507
1 149613
13 60886
1 122757
109 7081
104 2350
32 1627
188 1190
45 29810
20 55132
57 16964
55 11298
32 19455
93 7571
22 37008
3 111073
36 7749
3 22452
83 15156
1 100509
4 6451
15 54192
43 9914
2 17369
91 3900
9 763
8 7637
55 9501
34 26719
41 23806
1 216243
10 68453
47 14263
33 36038
21 34028
12 6073
1 234383
1 7144
49 9853
25 3858
43 26250
14 24972
17 21103
6 47801
5 20214
92 2181
18 51099
17 21235
6 43211
1 226796
1 46736
121 8255
6 101390
57 2734
17 7802
101 2630
209 897
1 128262
44 6851
121 4884
7 34577
5 89761
101 10854
17 872
107 9528
34 25499
4 85083
3 9581
1 76316
22 9091
19 20333
12 60421
37 37329
1 51872
191 2932
2 155646
194 2959
7 72007
29 29418
16 56210
5 102488
41 5653
2 59459
193 693
15 10259
5 64117
83 5607
15 33902
21 49402
7 71276
85 13915
7 5365
51 17183
76 14246
77 12066
11 410
54 3792
14 19548
61 9915
136 3091
28 22764
58 9959
151 2753
12 72596
62 13785
41 33012
189 3368
1 110389
65 632
310 771
89 11963
29 45728
77 4493
30 26258
11 57954
1 232152
216 801
8 36315
47 15045
341 1023
91 12706
2 32211
59 14660
77 17107
25 24753
31 10085
5 4148
3 76224
31 40075
4 98308
9 77680
187 444
2 166988
174 1874
30 35376
75 10230
123 1222
8 48122
17 1873
1 190672
55 6015
50 4629
29 45415
1 53530
42 7216
46 178
18 26357
9 81992
7 17404
151 1589
1 182814
1 68207
10 75733
1 22907
4 49838
6 40715
111 10204
34 20567
64 9028
8 23914
5 27695
37 10231
220 1357
77 10160
1 206264
164 3543
130 7031
21 39247
14 65257
15 15422
1 115429
1 63245
2 109793
18 25398
10 80431
20 44260
108 9480
13 13681
92 718
4 80903
212 2618
36 454
5 70643
85 9814
103 904
38 881
1 145181
12 63127
4 101965
2 11458
274 1210
17 28182
5 87579
102 7562
34 31345
6 25322
7 53176
4 58269
37 26603
47 28297
2 81962
2 63736
46 10789
39 36870
44 25479
1 44342
51 16254
61 17168
90 12585
8 38535
9 27202
22 53634
1 103980
106 2902
27 3979
1 20188
335 558
1 171923
136 2728
170 2472
38 31363
2 159942
1 128092
17 41882
12 55803
17 52404
12 5015
12 29577
3 26878
9 6566
23 48490
21 36803
3 109900
21 22993
55 2792
64 17736
12 3737
20 28064
3 51609
8 70853
5 38509
34 37975
34 17379
1 102585
8 14789
62 16413
46 4576
10 51620
41 18543
78 9398
26 43875
25 44628
2 88244
6 68905
3 90174
14 50003
84 7020
4 71485
21 34657
49 6753
28 27689
8 25757
26 3173
23 1525
423 542
1 97885
16 3707
2 69292
337 939
6 77765
70 1435
8 37577
69 13723
127 372
13 18902
8 47239
35 1657
38 27740
34 23966
17 60889
73 17062
11 23723
1 78544
6 6136
1 205680
126 5064
1 130092
113 1797
2 66615
12 42272
1 13036
3 88608
68 7890
1 65136
41 1159
41 20510
15 67809
105 1389
227 1310
167 1456
36 25558
76 7371
37 9404
43 25468
1 62046
2 151963
1 53096
7 65385
15 57697
72 357
398 601
19 51172
1 215281
38 25408
2 93404
286 1179
15 67625
66 9497
147 5851
15 43537
98 7412
47 9686
47 1485
26 9612
133 4096
175 3441
101 8353
131 5748
12 19410
4 111548
39 19366
125 5006
152 4818
28 21474
38 20973
2 76282
84 9740
2 591
4 85646
1 61878
1 72216
1 101131
10 53816
74 6954
12 13650
16 2245
193 405
195 2758
26 22142
159 2783
206 2020
15 18403
30 1798
4 109251
78 16225
35 13998
99 4741
178 405
27 18717
1 179408
23 7921
159 4781
9 40242
95 11485
7 94721
2 138017
30 28037
8 48806
37 27243
41 11872
27 39671
5 47905
14 48031
12 24464
22 34476
1 129955
7 32741
18 19246
7 83987
113 2533
11 13119
67 11127
190 810
28 10041
5 57274
222 2372
49 29232
49 16751
23 17110
1 176390
295 1137
109 1361
28 768
179 2691
14 39017
1 56817
154 743
1 88409
13 2098
280 309
21 4373
2 136685
1 105917
22 18472
56 19086
102 3411
38 32525
48 10116
49 3039
43 9624
54 18069
1 86067
29 44723
115 3723
1 161532
37 14659
49 10281
21 766
52 24513
21 1737
78 675
15 53696
31 38602
14 68979
23 38864
1 162603
10 69674
14 63878
98 3894
2 129934
8 37712
21 46980
3 31951
410 708
314 477
139 732
62 15776
74 8151
10 70968
47 21671
362 389
3 129078
58 712
69 7910
17 20748
9 25087
35 2624
27 11901
8 22460
52 8408
71 9126
21 9942
40 10653
146 2416
24 31203
1 220181
29 17346
42 31830
19 53756
266 716
12 5084
17 56413
1 152829
12 38205
489 533
27 19800
22 433
72 1582
18 25037
76 12538
97 3881
179 1426
23 4881
79 7083
293 619
38 17018
24 42291
49 1638
6 21550
77 12762
3 34179
56 24394
4 5895
63 9202
141 5848
41 24196
25 45017
358 788
39 12016
71 14748
177 258
172 2366
42 12945
185 3286
13 44222
6 3222
13 49079
1 144811
181 983
123 7800
114 2037
4 71922
1 213386
88 10182
28 35629
458 510
11 73357
25 32442
27 34495
45 14721
4 11096
1 72030
14 35517
15 3918
15 28955
53 1944
130 2206
1 192619
15 5751
48 13985
151 1240
126 799
18 7706
19 41524
113 9441
33 1896
351 475
16 3816
12 41896
8 34351
157 2601
30 26440
13 71693
9 62878
66 20105
4 90106
49 10764
37 32752
78 7610
312 918
45 17048
47 11203
8 56035
3 30336
4 8437
15 55883
38 38267
11 66328
60 17218
1 211202
51 26891
76 5310
31 35669
1 135243
27 12211
1 78321
35 35197
6 47999
21 22499
87 2156
1 92457
6 58272
21 3924
6 59604
3 115884
25 46296
137 3352
1 182076
16 2919
12 34226
35 28543
72 15051
211 2489
3 63220
156 5281
2 51229
146 383
107 9626
4 111641
21 43262
13 49345
44 31658
17 47805
24 25769
33 30040
52 22854
14 58403
30 16725
2 6964
145 3712
231 1315
3 79435
39 36943
25 31450
16 47271
13 32358
10 51357
1 87846
14 27864
1 96110
227 638
13 52202
29 44999
23 4064
4 55550
13 52412
90 13018
45 19983
11 39393
5 102791
407 440
2 38434
28 48110
14 14216
25 48882
72 13226
12 11727
3 492
29 38282
23 32509
41 20050
30 3476
71 9134
1 86343
23 15329
30 35942
49 4529
52 22086
28 39826
108 4058
6 49651
139 1168
91 13568
32 41536
97 11310
62 22215
89 10997
45 27540
8 11720
40 21484
1 186772
4 101873
51 9626
108 7557
7 32101
14 41713
11 30327
66 4349
6 46248
11 32673
57 10909
73 10073
49 23384
136 838
17 37095
257 1164
8 87287
13 70997
70 5104
49 3736
47 12277
1 213253
106 10765
30 13283
70 1093
58 13329
32 35599
4 16878
53 9327
1 9958
19 33902
2 126910
7 8909
1 172376
57 5111
44 14266
6 95593
19 58770
1 164492
44 26120
112 4703
1 201570
167 3528
25 35313
13 27068
28 8367
2 58036
79 3120
1 200365
162 1638
7 16931
79 3057
12 16724
96 9989
2 132827
11 42762
30 11317
96 8197
85 4737
7 61075
50 15638
15 21087
39 12407
1 108360
26 32975
8 55017
8 19904
88 8296
33 33373
29 2652
195 1625
14 54374
13 29020
169 4333
64 21998
6 18809
356 720
57 16847
6 81611
35 14369
13 56620
177 2150
3 121566
1 119607
24 5750
2 85528
69 7210
355 769
139 4137
20 12662
34 37148
38 16405
3 102762
32 20079
8 2841
120 8156
54 17343
29 6601
70 11752
21 19026
54 10969
97 1573
5 11438
58 16536
1 9212
4 19617
55 16863
21 7819
1 233793
15 2784
8 53421
63 3443
2 78638
109 10437
34 31901
97 11194
43 438
50 2283
2 42377
1 130940
234 1228
51 1567
64 15263
25 7748
61 15193
2 1900
31 7748
309 1008
109 1432
125 882
2 58019
14 27392
25 1661
1 40
19 35720
32 25169
4 48234
354 719
15 56912
88 6632
109 3297
32 782
2 117500
1 24277
6 16374
38 30051
166 3906
171 3546
2 31298
84 5826
25 22968
4 40148
18 35297
152 4577
84 9710
47 18662
17 53244
15 54609
8 86740
112 9758
22 21792
13 22826
18 17197
7 12623
5 93255
81 11907
17 36499
21 44142
2 30555
21 30416
42 34339
8 82610
13 36852
1 201909
25 2061
45 5002
2 82220
10 68831
6 61958
24 6506
46 20501
26 18794
2 12918
51 27391
267 768
122 7507
78 1183
79 7629
14 24736
13 60020
40 15356
2 4504
46 17538
6 49016
5 34702
105 8245
62 6794
60 1812
44 1442
60 19012
1 204682
3 64605
27 5139
33 7651
185 2744
5 11934
60 21260
16 41072
5 40894
8 83935
34 15700
25 26124
2 42003
143 259
25 4167
1 195226
39 3797
10 82905
1 21574
6 40222
8 83389
1 38385
17 18257
2 32953
16 17077
64 11222
3 41627
5 84505
104 8151
79 1138
110 1976
52 19144
1 55350
1 61368
58 758
1 31165
15 54574
2 37802
29 13618
16 52986
94 12699
93 8240
1 194781
46 19328
31 23813
117 5712
14 11011
12 16216
87 11962
73 8236
4 86507
114 2661
8 71520
100 5644
28 7315
33 17559
23 49322
1 106198
104 2049
9 67063
43 8868
130 7152
78 11648
8 21360
79 16146
6 537
2 72535
3 38274
4 33452
73 14814
201 445
1 130625
2 95916
50 21466
1 84204
71 7802
124 1518
60 19097
15 66311
19 14816
6 65882
1 155759
54 5079
4 44595
133 3086
142 3884
124 4616
1 110089
59 9381
17 17962
54 11263
35 115
162 3777
40 23146
1 229673
207 279
4 112503
11 51852
165 3733
1 105601
243 1494
54 6961
214 382
65 16302
216 1988
1 175230
307 810
33 29960
7 20874
82 2070
67 10296
8 84401
193 2211
47 19171
41 17941
41 4635
1 8778
92 6449
13 24713
1 128049
40 2434
91 12164
21 44099
96 226
2 73460
405 633
2 123222
39 14147
4 31941
4 82700
23 46182
5 40793
77 15307
8 90581
4 75424
9 68120
54 15972
135 2409
4 17833
134 7031
77 16686
46 497
62 19141
37 26933
77 14489
37 18105
13 12230
75 15320
60 9473
53 4560
10 42121
64 3139
64 6079
10 56938
96 1801
46 11220
191 2918
80 15808
86 865
184 1702
3 114038
291 801
3 103391
42 2657
27 3636
25 16674
8 82884
6 60602
100 7673
3 114155
110 1415
88 11380
17 8571
28 507
33 11883
89 8764
36 25443
20 45693
44 21536
80 13543
46 18473
51 7184
38 37244
125 8056
58 23378
271 421
78 1103
7 65317
14 26164
349 743
19 28681
6 90081
46 17850
60 18744
39 6351
10 61089
2 114087
85 6424
3 38004
1 233997
99 6178
14 16848
2 28817
3 11141
96 5042
145 3803
73 7124
18 21525
57 1789
370 377
100 1943
9 26751
14 64549
41 15355
5 104431
5 24188
13 41217
24 20938
1 135092
3 23479
3 6675
71 2339
95 3914
1 180324
32 20457
41 21608
203 2555
66 19678
339 512
16 44932
295 465
25 49921
133 3652
3 84853
1 129622
32 32433
76 1772
9 36262
27 42568
36 29425
201 1213
58 3489
7 1996
4 18694
7 12885
10 48714
40 9872
116 2287
51 5373
10 66776
89 1946
96 206
139 4602
105 1444
1 27451
9 1794
21 7390
49 923
17 56701
47 25658
3 3077
79 978
99 1976
15 31865
1 89604
60 10890
2 162828
44 5894
9 13099
89 14018
21 47274
2 106541
212 2067
86 12312
22 6659
35 2438
13 22537
149 172
6 52978
4 86421
8 8271
6 17037
39 11991
139 5431
14 57676
3 107876
10 35966
10 59631
173 353
57 11322
73 4615
18 19085
132 1012
1 106011
162 2857
64 4015
8 12726
38 24710
56 70
187 469
132 3257
29 45030
20 38303
244 1526
2 134687
10 64331
21 31257
82 14003
38 3184
28 18632
103 9892
92 843
17 21132
14 56063
4 108348
15 51426
10 77958
442 580
10 66832
111 2786
305 1103
110 5693
24 4058
5 89474
2 71352
1 203331
103 4084
18 8772
14 38892
107 7402
6 618
69 19421
58 12981
1 2832
17 25985
6 8605
105 8571
496 497
16 65760
106 690
205 1763
111 397
97 8937
159 704
159 3496
11 32268
39 9207
337 728
23 16676
5 104064
39 22370
89 13864
66 10441
6 87859
28 39462
53 22022
138 1365
1 6854
7 64536
38 35770
32 30897
193 2561
1 53125
13 47019
20 35701
58 2682
29 44009
1 13956
37 31459
15 57333
69 16260
19 31192
21 50312
14 8799
1 106729
33 14706
111 8453
20 35003
159 3584
33 11887
324 512
16 54852
37 10738
1 172603
2 56052
89 6300
13 66080
11 11118
101 4581
88 10715
64 16680
269 529
6 49299
285 1411
8 17711
15 59776
8 21898
79 2145
63 2108
5 72362
154 535
28 10396
8 53877
155 3069
68 5468
21 56748
238 1089
17 1408
43 25259
1 36032
112 3388
7 42231
44 12190
88 927
9 55813
62 12083
43 6161
1 19093
13 53230
66 19472
188 1695
215 1914
103 6101
1 198697
132 1924
16 36298
2 49496
73 14028
183 3336
11 14936
78 13744
1 187465
12 70789
11 17580
59 21310
181 1027
1 77793
98 8865
44 5881
98 1520
2 105147
37 15392
28 8735
1 10609
42 33011
95 12220
341 843
1 219925
12 68111
2 163424
176 1547
40 1472
1 69334
29 21614
16 25606
6 74949
30 28731
13 2845
17 5965
26 4968
143 2042
4 104630
45 21350
7 70326
34 615
43 15230
8 77133
110 4043
29 15915
1 182735
108 10017
14 15850
13 18441
48 4425
2 27994
76 9023
65 12870
402 558
113 5730
201 1042
34 634
1 80372
25 24940
32 38109
8 75610
13 43388
46 7527
82 8252
1 42588
20 24508
220 506
46 31782
75 14517
153 5580
150 4441
74 471
1 57272
108 2926
1 189062
35 24172
11 73334
7 61957
92 4059
95 10539
204 2224
15 64741
7 96315
121 2612
37 14028
6 71097
22 31388
56 18004
2 30954
13 446
6 7102
42 23075
3 121112
100 4561
94 9833
14 9688
141 5935
4 113825
40 11673
8 53317
141 1728
21 3011
8 77363
52 14832
22 24776
31 8794
13 16797
112 6172
36 37806
89 5800
13 21716
80 9982
66 13802
1 187211
75 2335
37 21649
106 2975
1 38919
42 5624
19 11941
63 6429
5 91297
35 3893
54 25584
4 15811
1 219571
143 582
67 9327
85 5245
17 1768
64 14535
6 26187
34 18363
2 17065
81 1438
3 109839
5 48482
7 12425
13 17138
123 2031
98 7653
51 9505
1 93832
49 17317
64 5939
1 205412
1 14404
95 5770
42 18771
119 8993
256 1675
29 10262
7 76138
61 10308
12 76739
3 10875
2 117621
19 19133
63 8434
18 55019
289 1052
35 22672
8 89638
23 17878
4 36219
47 25459
297 1160
17 51269
1 160464
1 154326
3 79975
1 16355
42 9347
9 75054
279 500
98 4110
193 2545
3 118492
340 756
52 23677
134 5726
6 6025
65 6039
85 13365
85 12060
14 3102
65 4092
39 29429
4 62322
11 23233
9 87620
167 2316
5 92028
59 6649
16 56306
66 16380
48 2432
13 24310
1 74585
15 24071
3 44927
20 13032
22 15624
4 76466
59 17479
2 87373
32 30855
1 54531
155 177
3 72125
52 7587
30 46155
8 2440
217 1270
50 8634
62 9085
37 9254
35 13964
124 318
60 12718
43 7693
30 13559
66 14350
64 5258
13 26693
8 85887
74 5305
16 25678
10 82887
152 464
32 11863
59 22815
115 1808
3 17341
23 15606
48 10184
11 73226
1 211058
13 16753
45 31248
56 1403
1 64255
92 2217
89 13936
76 14354
2 106164
22 5505
141 427
162 2879
49 29141
17 55519
1 210586
1 162757
10 27829
29 10946
67 11439
73 3479
112 9708
23 25663
49 14089
54 18931
1 96041
390 548
32 35104
115 1023
5 70674
13 10166
10 18595
78 6249
193 532
50 15945
75 9188
105 9809
15 28229
6 23330
9 53903
8 49616
113 962
49 16639
115 8762
13 12762
49 7227
23 38394
24 2025
113 4853
11 47067
1 87
14 50524
5 49433
13 62707
157 3546
158 5008
128 2991
43 25436
8 302
59 542
44 3025
46 31058
1 193768
254 977
2 162478
182 1757
5 19771
54 15992
32 8052
7 49030
7 96083
11 76777
36 37789
13 59888
6 11708
19 17983
21 47381
44 13672
1 89427
1 11819
22 51534
11 48924
11 80248
15 49417
15 55271
2 157626
20 44231
16 1985
4 32094
7 24005
156 943
65 11645
41 17465
61 6229
1 75576
4 66614
1 208232
261 1572
18 6681
30 45721
84 8720
35 19305
53 8949
62 20844
6 7208
165 2879
1 128159
6 97209
3 76567
236 1726
73 544
14 35258
44 17755
15 24777
322 745
409 496
139 6315
51 26864
26 34437
1 120186
3 12946
243 400
15 22201
72 17736
47 7673
1 20972
27 2729
3 129149
58 11881
44 25943
15 15920
43 3665
11 55766
143 3490
180 707
90 10317
6 18673
16 55202
103 8181
93 5256
2 79466
34 2880
99 2740
54 20599
32 37848
7 80697
154 2737
99 8613
124 2647
24 28307
24 39488
55 15729
23 44700
1 120512
76 10163
10 8569
9 80701
38 6507
16 52905
25 41464
142 5576
73 15862
24 23469
76 13206
49 25709
27 41305
6 74880
1 202024
39 1685
122 7288
2 118047
2 123173
8 48117
8 6048
48 22345
16 22297
23 54264
94 11601
63 4306
9 80255
67 18278
52 22790
46 2800
23 21988
72 6542
1 74720
70 13643
4 109216
80 11240
126 2462
172 1858
272 791
4 56428
1 139842
1 55222
2 52000
1 8406
2 51729
8 39890
206 2404
1 110914
127 1313
2 152405
20 13574
4 81845
134 4735
1 222407
51 9665
52 2067
149 1073
1 185618
2 164093
36 3625
20 13952
11 52755
1 232550
64 272
57 17141
8 3415
1 213345
149 2722
9 19149
8 3854
74 9690
144 3379
1 81189
41 32611
172 4353
170 3882
31 34088
8 11821
109 4057
114 6060
116 2806
25 1806
4 80472
98 8160
10 77341
2 2796
21 42528
28 350
6 61203
78 12220
121 775
10 48716
6 26814
2 109247
65 17818
29 43939
155 1237
1 19167
4 76813
1 223061
22 22841
48 3507
6 41152
9 24132
49 22694
37 35805
7 28600
3 37206
12 25566
29 28149
94 9031
85 1304
88 10967
6 83469
13 11299
7 27535
74 5684
17 59976
30 36846
45 4255
13 26205
18 584
93 10761
29 16596
68 8699
37 11720
10 4993
3 44383
21 46899
49 10515
57 1818
74 13017
58 6854
42 21705
23 45428
21 2944
64 6314
1 168586
8 28007
40 23453
2 9551
28 2914
9 33761
356 847
13 12566
200 2330
4 25822
127 4096
25 31574
4 72182
31 19203
166 465
29 44293
176 3330
58 11492
1 78197
92 9987
44 2417
2 114320
4 60342
84 9630
259 1358
69 11975
10 8073
2 123925
17 32383
31 15030
80 9142
96 5894
4 7916
23 20820
1 104956
251 437
26 28170
1 149398
151 428
118 7817
12 10209
25 3578
53 9746
9 36026
112 9709
7 15227
35 38489
18 48897
40 15949
56 24370
3 99613
247 607
11 698
17 19924
29 37005
5 36293
224 1849
35 12576
22 55052
202 2051
172 2654
91 13565
7 50440
12 15796
54 1003
2 41588
47 527
23 32170
7 68286
80 119
79 11811
9 88222
6 34663
1 179436
100 11039
2 117223
109 435
4 13815
15 9376
70 13847
34 40791
1 155143
24 47947
124 7170
84 7650
2 49272
12 9362
8 74739
1 170415
4 33348
53 1950
89 2499
28 20589
123 8209
55 23980
3 3977
10 62276
70 7646
31 42199
3 17280
35 40859
70 5574
77 3080
5 43850
19 8859
52 12456
7 50617
20 12391
132 1398
1 71853
1 216904
118 2397
1 211890
67 10091
12 7127
65 11195
55 21461
71 12205
9 8337
51 20045
15 25596
5 25240
83 15214
27 19885
27 3401
26 44506
139 3381
3 54240
44 27270
8 4071
54 8978
76 7008
18 39869
3 19708
53 2841
2 82543
38 25243
20 32444
4 69827
44 15949
47 19866
64 3904
45 4475
312 969
336 562
34 20391
29 28244
25 15738
67 2202
19 49649
107 10125
2 50253
90 13786
11 56711
51 26532
3 7110
68 17990
2 108596
14 40196
4 105325
3 3906
84 8044
36 6620
14 39119
21 48472
10 62141
66 7900
97 1460
3 16921
97 1875
1 61085
241 1962
32 16378
18 46029
1 201735
4 63558
2 10823
1 133934
42 10583
50 3374
21 42715
70 16846
32 10921
4 10891
59 18417
6 85652
25 2258
7 18214
19 10769
54 9549
15 63863
35 17477
47 12006
137 6163
1 214496
24 7745
37 2385
94 11656
223 2285
25 27120
3 77799
8 32181
50 19470
1 8327
61 10945
100 7795
7 17231
33 30420
4 21700
51 12973
353 624
4 39695
8 3884
4 21393
38 33465
1 177301
41 32801
15 64078
15 68518
65 17591
1 230473
141 2302
19 58874
39 23506
19 61887
4 112761
113 604
33 19010
21 42442
289 1218
118 7964
94 9546
38 8634
11 67047
3 126426
47 3632
1 15215
183 3376
33 28863
83 678
188 1195
2 54935
136 5707
6 47632
158 4862
4 38018
19 30933
34 10318
18 53193
40 10506
4 47560
108 7979
14 3311
6 71362
46 25523
25 49198
8 64679
58 21225
108 5140
19 2169
2 2993
1 150535
22 34637
4 17983
48 13133
103 9456
11 21995
21 41813
2 66023
3 51567
51 22345
35 13831
32 31776
59 11314
22 55243
4 70143
11 79139
6 47169
62 20568
17 23852
2 108448
51 16842
58 7680
106 5592
2 123509
302 617
3 38307
150 3754
56 25524
62 20207
4 69916
62 793
44 18503
230 1900
109 9677
11 15459
4 91290
78 2701
2 46387
220 1319
46 2798
21 39542
57 4236
79 5505
45 14658
24 18885
9 85886
28 47038
1 141365
6 95030
123 1423
37 11371
1 103239
2 74346
11 6159
101 5569
40 18019
2 101273
4 30655
25 33140
80 9287
2 163689
48 16080
61 4130
3 56818
15 67475
4 5541
11 20500
9 5120
10 7594
34 12676
9 1814
1 36086
3 18151
14 33644
38 22615
164 1190
13 9362
27 46062
12 25896
17 40054
39 4168
33 37084
28 9282
6 61972
59 15608
20 42296
25 20190
25 7870
260 940
62 14656
2 93815
18 63653
25 35613
179 1269
59 7854
108 4511
36 1909
50 3807
31 31370
48 5396
29 17052
81 8406
32 37173
115 8851
21 58106
84 1917
3 80936
86 13310
3 48923
29 27781
5 45173
86 3498
16 11919
40 13821
2 88657
46 17918
162 906
23 53004
298 625
21 23570
3 104059
2 48438
104 1315
10 15636
167 2896
69 10466
133 6683
3 4356
1 49955
14 33755
90 2706
49 29085
80 5607
16 54944
264 766
36 10053
34 8250
56 740
14 13472
104 1787
11 62612
1 221769
263 632
35 3533
13 6974
1 73386
1 87634
21 32555
28 22801
14 24941
9 88057
47 18003
24 25858
2 122060
61 9848
7 88787
117 2747
362 835
1 200636
207 1848
3 76960
10 43125
125 3167
12 67764
47 21459
1 118
220 2083
39 27421
14 38269
5 97332
25 47902
45 3047
159 920
1 41429
60 1500
1 33720
161 3305
37 7702
19 14350
4 46550
9 81549
4 106920
7 91366
68 15369
152 1570
32 21404
72 15306
60 796
258 817
12 56844
19 62119
29 12391
73 9490
2 120132
31 13300
207 726
22 44352
72 1398
2 46262
44 29474
13 18441
31 41730
70 16128
22 27043
124 5286
49 15742
6 78354
41 13140
19 30549
11 13842
58 4189
50 27486
12 62998
161 2912
9 77688
11 1548
14 65806
13 31223
123 7702
4 89897
1 31247
110 8075
98 412
1 162034
18 28896
11 79409
1 74256
1 177754
33 8258
1 208621
244 1803
18 57469
18 56903
77 3962
45 15216
95 5862
48 29736
3 9525
77 13795
41 13491
59 20350
49 13555
4 18206
47 25433
1 91040
50 8600
248 1603
37 18210
8 46425
29 21629
3 18182
4 68313
59 10815
20 6830
13 1482
41 4242
6 84616
1 117444
109 4771
27 47272
10 3511
12 2135
84 8201
7 66242
54 9500
37 19389
65 425
88 2791
7 66771
79 2219
32 2856
32 19694
65 8301
19 37783
225 893
15 59252
125 3746
5 7523
24 31707
17 49584
28 15380
2 80548
182 1104
50 1974
97 2223
106 2544
150 5430
120 4693
49 20233
21 34825
43 33171
30 14277
22 21551
1 166758
175 2366
35 35642
18 32799
12 74505
91 4646
4 15052
2 157898
1 214424
2 152212
56 2563
1 68202
6 63483
27 19324
40 32849
45 3874
42 20361
320 693
79 4302
288 427
56 23224
3 84243
31 18720
8 55660
11 3426
31 18404
1 199028
295 698
29 17569
100 8702
1 165049
21 19138
4 87644
2 94469
99 6257
94 2208
23 1364
1 189976
18 60598
215 1581
11 61683
38 37065
124 2885
43 27948
1 151299
24 20566
70 11711
15 9125
62 9726
46 18284
54 2793
60 1024
8 82252
6 41685
33 12596
346 559
26 29898
1 23100
1 40609
18 400
19 9232
10 54667
1 210201
60 15369
43 14475
328 346
12 58138
75 18090
147 1725
1 224385
14 35846
10 780
3 60194
1 134394
119 6129
38 36875
37 22942
2 6377
10 22589
1 195308
66 2696
35 19559
25 8205
39 23770
27 45797
17 59241
10 33521
60 687
67 15693
48 21807
1 176282
20 44384
159 3657
10 26348
4 28895
14 26570
1 120212
20 34238
4 11398
36 38707
104 2003
74 18144
90 13646
4 4570
1 71416
310 378
9 22826
22 42355
63 20832
12 14891
94 3889
44 24360
89 4055
83 10336
1 92188
47 5969
13 10989
12 2627
2 74890
6 46303
27 41332
14 45426
66 11940
25 23992
340 1030
99 4427
28 44835
152 2398
36 16231
46 17488
100 4165
7 7675
9 88137
1 5926
87 712
5 26500
8 57030
311 868
145 212
54 11204
2 74743
83 7406
25 26175
1 17445
43 30739
1 167849
4 90797
13 20682
8 17213
25 42474
69 13953
10 6018
86 13468
21 19736
76 4248
30 1851
9 38884
1 219268
30 19535
48 16807
67 924
53 11752
80 13178
111 4239
100 10205
58 5163
41 1569
13 14457
31 20131
10 4739
6 26305
11 7847
1 213914
50 20763
1 119995
9 8498
3 40204
47 11328
115 4617
189 3307
1 23346
37 1759
61 21249
3 94946
2 43419
39 6043
15 1485
121 5826
52 6038
8 39765
8 16868
38 19600
18 2742
31 405
113 262
3 27391
157 918
9 70559
63 10147
13 30272
164 982
62 16603
1 45086
4 104836
1 162187
19 40137
75 7505
8 58778
13 1421
55 5566
18 15448
10 49041
146 852
100 11603
7 33750
35 34052
44 8285
14 9232
4 29929
86 4445
2 93170
2 78148
78 7982
51 18036
40 13985
32 33006
194 2819
17 8775
74 5541
2 97650
29 21378
66 3607
15 32729
19 15221
20 45396
6 49047
89 11254
21 22443
12 64858
1 119144
23 31179
218 343
9 52118
14 26828
3 40719
7 89486
19 20549
7 14278
4 72779
27 5370
192 1870
321 609
93 7354
12 57953
28 70
23 38435
95 8081
471 567
1 14310
32 15696
89 2770
6 91288
1 2768
14 7196
2 55783
6 9814
2 141318
15 22371
16 34902
57 17663
30 15638
3 104288
93 5575
10 61905
125 2349
54 11103
39 33329
43 4857
70 1536
82 14315
5 16126
1 187266
43 28960
11 24516
10 43379
168 3858
42 20594
8 49017
13 70910
7 81701
43 12337
1 67214
107 4876
31 16659
41 5478
15 17599
18 42596
4 105510
7 30493
28 38686
137 153
38 27766
90 12019
1 79087
15 68499
15 1833
13 68800
77 2619
75 6339
21 14492
18 396
45 15405
22 5398
9 86100
75 825
12 32756
36 29485
60 7669
24 44313
13 16136
135 2618
39 6570
2 55899
16 33335
80 3002
9 81880
23 10969
13 13705
70 2343
79 1412
22 41504
46 19156
10 8604
12 20344
15 39611
109 2075
60 18163
15 63232
19 56203
17 34137
214 718
133 1473
90 13451
268 695
93 5935
27 46163
41 14138
5 74311
332 817
16 2032
3 88784
10 31581
5 100557
48 28306
12 11108
11 45910
24 34199
153 4674
24 16074
9 74999
51 1298
172 4346
92 9379
16 55013
1 179582
2 58237
23 44300
16 10785
6 61678
128 4538
127 5367
17 192
1 103077
138 1085
61 7784
1 208512
18 27796
136 1317
230 1723
33 17791
3 108975
6 51723
56 12949
36 36186
34 963
59 13044
1 135808
40 21651
111 8267
34 5955
46 24192
40 6112
21 31637
4 92292
45 26755
26 44302
108 2159
22 51837
55 17336
175 2639
2 102595
1 225976
167 1556
20 26899
9 3046
46 12592
21 45865
119 4059
54 26901
1 139022
60 4475
12 18172
3 7564
132 6845
14 59992
30 34701
99 3368
31 38311
34 11650
5 36810
155 2005
3 81526
3 116134
3 53878
40 20166
10 75691
70 14580
131 6898
216 881
40 1224
251 1542
80 284
1 188647
338 368
132 4472
104 2208
20 22305
217 271
50 7332
26 214
10 54364
28 43869
68 3870
81 13210
3 30683
7 95421
58 20082
81 3056
18 26106
36 4525
4 33081
2 86573
20 17465
204 2132
130 1112
13 41694
7 72955
146 4606
358 556
176 2848
62 7723
104 10457
50 7025
2 127356
41 22874
23 10755
18 36282
16 45875
41 34307
101 8277
30 11472
30 5710
28 46296
35 18352
25 38666
1 160602
146 341
1 107508
10 53609
87 9560
13 26437
52 25560
19 55739
46 6967
17 47070
31 42708
107 6850
1 123330
50 15647
51 28068
6 94943
26 9463
44 2500
5 80578
142 2864
13 43753
3 99933
65 8639
33 22495
17 59554
94 10769
28 31262
86 1858
69 5028
141 260
10 81100
160 4907
5 95549
25 32980
22 55751
1 19022
12 4734
1 130513
9 61573
22 1801
4 103859
8 83937
4 57298
425 523
44 695
6 34369
4 86287
8 74038
4 58969
77 1893
229 2070
112 5273
35 37778
40 26700
9 291
9 10528
19 57650
13 40647
30 5927
57 967
1 165492
60 89
48 14814
39 36654
56 9562
1 160748
159 2772
1 136406
56 11681
4 17515
93 11055
148 3850
3 98931
12 38926
3 119303
13 74110
17 6343
7 92536
142 713
3 36441
113 4477
91 5919
22 35845
122 5198
22 54384
81 12833
120 7303
26 13425
7 13005
182 1564
24 20524
398 486
139 1768
15 66715
65 6978
48 20933
28 2611
39 4389
27 30897
21 2198
2 140473
144 749
1 100746
44 21574
21 8520
162 1213
1 154430
114 7922
53 14142
53 12590
22 13398
84 7799
12 75398
7 39745
86 13191
70 18381
60 16363
1 11889
4 155
354 712
330 719
2 12901
67 11570
206 2109
16 7788
74 5274
1 64981
133 3879
2 12340
6 24554
19 18463
12 76618
12 25946
2 10556
13 11609
1 122493
55 8359
11 16648
472 565
4 95980
32 5724
16 49604
33 38368
51 23222
2 128099
140 1815
63 10766
8 19586
23 46892
226 237
26 47882
35 19933
106 934
4 44946
24 24205
6 84443
8 29575
104 6395
10 2823
43 31361
330 1047
116 2102
25 3633
8 63098
135 3092
146 4354
2 35735
60 7039
6 80134
92 1147
10 81055
26 35851
57 8808
26 29036
135 2906
154 522
4 15941
184 2258
39 33912
9 79967
20 5926
11 62953
20 25692
1 67221
1 223468
47 7957
4 43526
48 1497
18 4959
71 8626
14 70184
40 18916
2 155073
148 5329
1 88871
19 27384
12 75174
4 1715
105 5165
10 58581
86 8468
96 10520
8 39118
152 838
18 40940
10 35993
1 167203
67 2271
50 5240
11 1123
23 14885
186 2826
141 2736
10 81591
34 41970
7 78966
100 4922
245 1379
13 8130
39 12913
13 48872
1 103684
61 7179
15 4627
3 34313
150 2918
22 42012
30 1433
71 6321
214 2353
1 89465
17 22171
22 9221
197 707
3 41144
57 14647
182 415
24 13081
21 23844
12 28212
17 9859
86 7004
188 1460
2 66862
8 34421
51 15800
4 51656
93 1627
98 4141
94 500
1 218730
69 18255
31 25856
22 39884
266 269
44 18914
217 1461
113 8999
1 22486
120 3393
21 1361
80 9474
422 513
13 31915
1 156814
32 37783
1 110301
4 12525
2 22094
52 11788
57 2844
1 124247
62 4471
1 94512
42 23399
82 8059
143 3015
1 196722
11 18110
120 1127
2 83253
12 30552
11 34850
29 16599
61 10833
84 10918
146 4381
62 9096
20 59998
192 1273
59 21042
15 33189
18 3089
41 4226
144 1651
9 48337
142 5861
133 2995
1 83225
1 95835
31 40278
5 32796
13 43337
39 3415
5 41879
4 85413
119 4190
4 7444
18 12034
4 89330
17 56758
21 6431
89 1033
53 13472
6 19953
14 70445
17 16292
1 89926
14 33786
204 1092
3 9520
16 33593
18 22549
83 10147
92 398
32 41771
22 26733
5 51852
135 6481
15 32849
8 38804
67 4765
7 34048
116 4055
23 33982
15 2458
69 6260
24 18176
191 2602
162 1046
11 27171
20 40056
30 3630
11 75330
73 11469
226 1356
36 21425
64 18492
1 127315
44 19015
41 29551
14 11042
91 797
56 5620
52 27891
93 756
32 917
2 61011
4 72094
2 103209
73 8888
166 1379
2 53140
20 48324
101 1016
46 17328
4 65349
117 6192
19 2478
10 16916
2 66167
8 56018
7 18403
2 44099
9 27652
70 16503
91 11244
1 77982
135 3907
51 12101
109 9916
51 13724
19 30196
41 32230
11 30973
14 54327
206 2706
45 10238
23 24593
19 50009
77 4295
54 4549
253 848
20 33893
27 22702
1 226408
13 63094
2 142344
2 88037
49 27790
25 43223
15 7190
47 24317
1 221805
52 12797
20 56968
228 954
2 82479
57 7011
1 119333
2 48014
3 48198
1 2296
149 2181
2 69548
10 5697
137 4170
101 9852
10 56866
144 3562
14 38638
17 44264
42 18000
1 95129
34 5511
9 84228
26 26941
41 29408
49 15454
32 6734
106 1297
4 32994
52 21287
86 7556
1 84775
1 190155
1 200122
178 665
22 46903
7 19544
11 2234
8 77368
1 191307
153 4635
1 147022
28 26453
164 4810
79 2039
1 204233
89 7809
42 2593
41 22997
48 2861
35 5639
12 32904
9 864
97 5555
25 14061
3 40024
11 30893
7 19051
1 46582
1 169047
8 59314
110 2663
45 28496
282 304
21 33027
2 98040
74 14676
2 34800
1 143650
16 57159
2 2107
174 3421
7 51713
8 17532
1 3251
64 14406
7 17906
31 9033
12 76664
13 44449
24 41546
5 3790
25 51939
58 19848
10 79384
7 44398
12 29256
28 2857
32 27611
68 8420
42 5233
23 36315
33 430
6 77507
306 913
190 202
9 43495
40 3360
5 45071
139 5374
43 33163
57 15790
66 11878
8 47025
188 2143
3 108272
10 7759
51 11167
73 15489
73 15605
19 10458
15 58657
15 56796
80 2224
30 16525
10 37617
1 34578
43 33186
135 497
39 15602
73 289
49 25419
28 16331
230 2037
5 65676
258 1654
4 12570
4 47840
19 24977
64 17890
11 22574
177 3852
1 141818
27 23592
47 8571
25 28944
2 162267
55 10407
153 1277
80 11877
59 19863
42 20645
25 17924
1 2322
8 12865
9 76864
10 46424
66 17606
70 14774
44 4963
53 5140
1 6590
19 48927
31 23860
120 2955
3 57292
24 32787
62 20655
35 12548
11 10347
65 4158
17 35765
61 3397
1 31406
1 147058
23 33395
42 7760
1 156803
97 8303
327 999
67 3838
1 93679
113 5079
68 14298
95 3327
1 136277
4 111665
17 63701
67 17914
31 38508
98 7443
5 59256
108 7858
52 6612
4 19251
17 19130
16 21251
178 3765
33 16750
460 493
7 62364
108 1165
16 19439
91 5558
36 15304
47 29806
111 1876
9 19513
12 47835
41 18458
2 92825
42 13148
3 4424
7 40124
1 107937
41 22824
2 41393
10 5957
271 1491
63 15780
96 12245
77 10091
56 20803
47 22111
5 58985
35 31729
21 37770
2 34149
11 60091
4 74917
48 9812
84 14460
84 1254
114 3145
29 10239
160 2887
16 40812
54 9726
1 94127
27 48601
1 57287
16 60287
1 215479
28 34181
251 293
47 16345
158 3036
22 40800
15 2366
11 3401
1 172770
5 44342
207 844
16 30879
2 88662
197 1369
6 95509
10 63569
63 18358
25 33330
15 44230
86 6825
2 91637
6 77907
2 83479
12 59659
2 45557
13 48460
246 1636
10 29766
315 554
48 30131
133 7333
12 35646
7 5505
59 22371
139 2144
100 9848
8 52552
4 30755
1 15931
17 6024
2 81535
72 13803
1 68346
52 19616
20 15336
119 8601
1 162135
4 22793
67 20686
21 56624
56 16250
3 24142
31 32055
37 37511
34 8211
5 98022
81 4408
13 44519
56 24545
128 5147
6 40484
96 12475
20 37417
40 8753
188 3071
377 529
290 954
60 3868
1 12935
2 61435
114 7857
33 25199
37 35391
22 42409
3 117572
23 47315
4 9646
2 87794
26 19258
38 12578
50 15775
86 12034
20 30655
5 99238
13 3009
78 14114
161 3638
5 71348
80 12043
162 1973
3 107505
164 1712
11 25401
11 11235
51 5880
7 78990
3 111634
11 40159
11 55510
118 3773
101 10481
74 9337
14 56067
1 59735
52 7204
122 7726
12 73358
156 4027
26 31167
229 1131
84 5783
15 36351
14 9945
112 6620
184 1469
42 34553
79 10916
26 14258
8 11562
200 2060
5 27861
46 28447
18 25726
8 89566
1 68661
99 2001
24 53773
120 2738
14 68117
277 435
82 2790
15 51461
19 50085
56 22739
32 31439
5 101124
23 47220
41 9532
16 65369
30 38313
6 42637
32 20755
1 136562
3 30243
12 74246
155 1090
3 116653
27 3318
37 15966
4 24974
3 98584
12 71192
1 90897
3 85617
134 6144
64 21890
119 6463
57 24641
1 227944
44 13792
8 66954
49 14626
8 67346
82 9094
4 54337
100 7459
8 4304
61 21097
108 8099
31 12243
91 9853
12 17428
175 2095
116 1438
52 2136
143 484
1 208985
2 51256
7 61347
2 65795
130 6341
36 30474
83 3092
2 74550
101 6150
92 6569
161 4389
64 3957
51 11143
1 205218
17 46826
30 45688
145 3635
9 87216
16 12588
20 12015
6 81930
82 15399
1 61948
70 2131
72 6267
25 11574
9 81580
20 50382
80 14601
18 46728
18 63243
99 845
9 24637
64 10138
15 42376
28 28738
11 10936
3 34677
2 34464
41 23120
255 1456
1 186678
1 116358
44 29590
8 71659
216 1715
11 21944
78 7999
10 34341
23 24906
120 1506
27 17642
34 39048
43 13633
80 1574
1 161279
79 9238
2 129344
31 17522
39 35218
1 169657
112 3205
11 2547
44 21798
5 77047
46 27046
2 65140
215 488
15 12564
50 11820
121 7473
9 9662
3 22410
96 4282
2 125689
3 125135
45 13094
3 96352
1 79919
87 4044
40 17229
2 153196
25 35977
220 221
20 34002
42 30518
23 31478
104 4581
165 308
42 6587
37 27870
67 13691
30 29371
49 15332
17 32593
13 14263
3 39581
5 74878
75 9433
9 55985
247 630
4 70312
3 118185
116 2387
282 838
12 58307
43 6766
2 63676
12 63007
7 37884
14 33512
136 5017
69 5204
1 233018
50 13374
140 1496
13 52705
43 11704
85 477
5 6979
115 5840
42 26933
27 8418
1 95305
41 22110
53 18842
12 12860
16 62001
26 40286
36 22409
15 33283
1 75190
43 20530
3 4717
36 19580
130 2954
1 167813
1 75304
41 31992
98 11750
1 18914
16 34649
96 8897
46 11880
13 10709
83 405
4 78555
2 116751
6 90627
72 17446
4 91667
6 78341
4 112288
51 16725
192 2724
37 19671
2 87029
32 1483
5 36848
70 15494
226 294
8 8425
14 49655
33 6170
132 3975
1 2903
106 7300
1 158148
52 8376
11 56015
153 3506
59 15418
143 3279
78 10807
150 1855
161 2118
33 20189
24 14786
152 5210
168 3665
102 8837
25 38538
48 26444
2 91599
2 103353
66 18997
37 14574
1 1911
11 24219
263 1174
3 84412
242 1476
1 28397
44 4825
97 5280
1 204302
118 8140
12 4602
2 135540
9 37954
236 1285
55 15740
65 5800
10 35650
129 1482
78 16749
192 1114
38 33661
22 42535
81 12660
84 3955
5 98522
18 13725
9 3489
2 165833
29 30126
36 7905
1 232490
29 40383
17 8380
80 9690
3 15769
1 58450
165 2966
3 31996
229 1683
5 20192
133 2102
15 50738
237 363
20 47279
1 94181
187 633
5 51591
188 2150
39 28215
1 187905
75 14568
19 21758
29 38882
18 49980
23 33501
2 152407
9 77297
38 30202
63 13241
41 23276
50 13505
28 8482
24 2879
3 89715
80 3250
1 218130
96 4924
33 33550
63 14863
124 6323
131 911
64 22098
72 3314
12 27835
6 84937
3 64668
1 96872
50 27555
79 14647
3 121340
5 29967
55 18993
1 102888
5 65300
14 34908
181 1670
16 54802
55 5345
384 559
92 3392
4 83154
137 6356
24 14939
1 96950
124 959
49 19724
26 539
73 5485
26 17105
19 60308
2 153060
141 1470
204 2303
1 23871
88 5317
19 53857
24 42226
1 225140
183 3532
1 170825
24 50724
40 29874
208 1275
69 9146
9 156
1 79844
14 20241
9 59563
37 270
9 74897
69 7215
13 58256
56 20852
1 99692
2 113839
114 4386
83 12256
2 105305
7 71142
66 14455
29 14240
78 4886
2 25171
9 7720
2 155210
5 20416
17 10017
28 43786
431 466
33 22180
14 34239
37 9035
2 142056
66 16334
3 34766
3 83555
3 23646
30 29877
93 8639
167 3198
8 83433
58 15971
18 10071
31 38416
81 11422
185 3534
61 11313
1 148865
57 59
32 12176
3 47453
17 29067
2 49427
40 16749
1 130433
25 5213
20 33340
24 32265
14 65092
9 66330
2 143159
15 18087
62 17698
31 36421
20 47621
205 1704
55 7174
21 30426
2 104305
12 46476
23 42323
14 21020
130 1332
78 9351
151 4969
130 4693
1 122093
37 25556
6 9212
14 15414
137 302
1 21281
80 14216
42 13875
35 18736
28 25211
6 48066
27 28385
13 23460
2 159145
40 32595
3 26389
23 30121
56 12957
57 11644
5 75335
72 15425
131 4212
43 23704
40 20927
32 35442
32 37588
116 640
40 3997
1 114656
77 861
153 4629
19 23181
17 47103
84 2525
16 35419
18 18509
17 28250
202 1271
31 30938
15 4974
3 58717
63 15103
30 2062
31 35264
49 11439
102 5053
4 14699
10 26274
4 42760
12 9655
2 122808
48 29064
1 124494
9 74126
194 2225
39 27358
2 62390
79 9155
39 37123
1 226430
33 10718
6 4158
63 11315
1 95214
2 114028
2 127815
1 153541
6 97703
16 33049
161 3349
321 755
54 18644
2 145424
32 28487
1 36490
16 55121
1 14003
20 46002
1 137994
2 163053
49 2292
43 1795
98 4706
130 4043
24 11811
51 28489
75 10634
20 53236
61 8358
3 31458
60 12875
1 178174
66 5636
15 3360
21 19356
1 137978
3 112589
5 665
20 20822
135 5068
74 944
22 11445
14 50473
101 3341
37 36788
40 7302
1 158020
7 17865
54 5743
54 25848
3 111033
80 5450
27 19668
287 1361
54 17946
1 182429
42 2252
22 29435
2 85797
31 28878
60 5935
1 131600
45 27571
17 25387
126 4938
32 35223
12 47840
143 5708
1 190785
2 12169
17 1784
8 47106
70 11915
18 14036
37 21439
166 1486
6 32232
243 330
97 773
13 30732
3 45777
271 1346
32 25081
135 1718
13 5042
99 7647
39 27674
53 19143
1 120639
92 9341
22 21096
3 110811
20 26180
20 10973
3 36788
35 36192
172 2550
15 7586
1 184160
45 10764
69 16514
70 2242
18 51022
49 24230
2 101231
92 8226
74 3934
130 1435
93 5659
28 44110
26 37644
37 15757
30 22483
24 22085
86 14738
223 1442
44 29923
9 7741
1 142422
65 7259
42 31749
209 2310
112 7712
59 10961
1 179676
45 24718
44 22629
14 20046
119 4919
2 33059
1 113324
71 3197
1 25027
80 10212
23 47871
62 17163
5 1876
18 47258
6 40234
64 4560
11 57527
16 11450
10 63540
28 34779
4 89370
21 16854
7 29031
14 786
26 16089
31 41734
33 23869
49 6335
19 45729
21 29687
276 1296
37 28903
22 55031
15 48052
169 3858
8 73340
8 32423
4 6809
20 21978
14 9947
4 24267
7 67479
112 3827
9 73745
11 48014
25 17792
83 14790
6 71698
48 22011
30 39652
73 10258
6 97836
60 17583
76 16905
150 1925
16 20438
19 59203
46 24041
14 27998
28 13099
18 56612
81 5471
4 28189
178 1242
39 32140
1 172895
60 1531
7 66649
3 76135
13 1306
1 157621
25 25337
63 6972
3 80924
8 72976
58 12508
106 8832
9 85749
80 14499
3 37076
85 13556
51 130
2 15457
112 182
225 2125
158 4802
27 30943
21 39243
137 915
46 31192
2 102724
196 2842
101 6283
26 42595
90 8879
12 51397
76 13978
15 51658
34 30022
124 3004
52 19098
33 39122
1 128449
9 59617
1 76587
1 43025
1 45227
109 9815
3 64493
5 16520
18 12809
2 52171
91 12941
10 16542
94 4481
301 1283
4 26766
25 9528
5 37630
1 202953
311 1015
93 2963
29 22223
11 26786
16 2940
28 725
254 595
249 802
4 51241
1 10564
39 12557
29 19841
12 67197
168 3133
32 37944
25 14629
77 11389
12 66724
1 2795
5 40380
1 38236
70 11178
15 67365
1 26663
58 4141
76 6986
5 97480
1 121967
48 26439
28 30622
117 5910
49 18010
10 63437
54 8610
9 55735
140 6351
29 15642
18 33672
11 17704
27 17931
24 29090
76 10045
1 78222
41 32934
74 3398
45 6450
12 48228
209 513
1 68689
12 19658
29 9739
6 52596
1 77477
22 29624
42 8050
38 22600
2 106698
49 4356
49 24497
22 46396
37 19932
1 164239
1 35217
189 1698
19 31392
44 2017
147 890
1 135908
5 34208
19 23401
1 201545
6 12374
1 31954
62 16680
82 14307
14 38848
3 102356
1 141467
60 21618
201 2161
1 32599
89 4105
15 28905
54 16740
372 554
109 4373
53 11042
104 7286
204 1926
72 10320
44 13660
51 11562
41 7609
150 2838
96 5205
15 30526
153 2656
1 143806
18 51526
36 26735
7 31170
1 206712
1 87078
13 29294
16 38021
17 39675
2 91633
16 5087
1 152169
4 94789
155 5194
1 111725
25 36689
180 1342
144 3308
3 123639
40 11515
11 12437
84 4416
23 53206
70 218
115 6225
62 22162
1 203051
60 22758
15 48716
172 1691
16 54154
99 11061
158 2109
1 186504
76 10317
50 7195
94 8278
71 17233
2 25853
2 21978
80 2312
301 316
1 165523
1 118888
143 3879
30 9481
103 8867
5 71562
5 32063
48 17111
120 686
12 71163
34 462
9 32031
9 46890
183 1372
34 35249
9 906
67 2660
1 207685
134 6439
3 111489
130 2232
29 9232
234 1671
37 27389
3 58605
148 2304
23 46498
3 124896
30 5891
144 5003
17 11516
23 15168
46 3100
23 42797
2 138279
66 4482
103 7426
5 44170
2 4398
6 49500
89 4526
20 2231
2 131281
35 4413
46 14517
90 6452
41 3477
40 14833
6 101739
61 9405
67 15100
28 47837
6 22150
1 96697
410 502
21 18494
192 2788
17 4910
30 3529
101 10825
4 110629
19 43551
36 28268
22 34842
61 14773
57 5999
420 607
347 499
1 227786
2 123223
262 310
5 92920
9 25668
14 44587
3 36655
45 16659
144 3759
7 14797
270 928
5 75007
47 29945
1 28745
5 3141
48 13624
85 14367
345 527
30 24817
1 44911
19 5538
3 13659
27 17722
43 11274
8 25133
215 2381
30 5766
107 5064
49 6349
3 49231
5 31028
1 221779
38 18171
27 9001
135 3299
61 21853
15 24784
63 21660
1 192340
22 4252
2 111526
21 56719
63 20124
2 133537
20 44135
43 24849
9 38769
116 8796
155 629
37 6057
11 36000
67 8206
25 4569
108 3709
10 81428
113 7024
32 11367
64 2805
39 14958
35 22824
91 117
6 83267
32 41304
29 17203
51 28048
23 24112
4 79905
60 3285
104 8456
32 42391
107 516
95 12751
11 26367
24 50810
83 5599
130 7042
80 5143
1 167173
54 7156
6 84073
9 35789
52 3110
20 8202
29 24725
130 3704
135 243
80 10469
38 37388
119 4997
80 14170
162 1647
134 4086
20 41959
19 30321
51 13504
30 27962
25 19887
27 27361
24 23598
5 99223
23 47034
107 8834
13 67062
63 1551
15 41257
13 37717
13 59016
1 31204
11 29030
30 27494
33 5161
48 29809
3 39665
71 3526
65 3364
200 395
26 38407
22 6608
5 95978
31 1673
5 97988
20 22407
64 7483
92 5346
7 89815
14 37824
2 147273
162 2454
61 8022
72 4523
95 11070
96 6848
12 12832
77 14606
352 519
90 8770
1 209855
19 33974
79 11950
3 120440
6 12129
10 27286
14 24154
11 72208
24 8768
112 1185
2 85970
16 64463
43 30353
27 30282
44 10343
31 34187
53 19911
45 2391
34 10080
86 9046
6 50924
61 8703
7 52447
6 69081
3 30463
24 10002
14 42259
19 54000
3 44832
246 555
4 108400
181 1090
111 3066
10 83639
26 24136
69 18272
5 18206
24 32182
13 46000
29 40380
205 2594
13 50448
58 18265
30 34389
111 8875
46 5309
138 4730
84 7182
9 60310
73 7989
17 33511
13 5917
28 46436
1 152550
52 11169
44 22504
103 7646
40 32933
7 57890
5 63288
25 34672
3 69522
74 15841
78 8182
124 5982
2 148696
136 1120
23 458
13 71127
45 27219
135 2621
124 187
384 448
4 23152
6 10603
13 73310
167 3441
27 15199
32 17625
9 4657
257 633
6 55337
14 37056
12 27543
173 2516
12 58038
189 546
108 2990
140 6320
1 2146
69 4830
43 31966
30 10177
3 15809
413 694
122 136
35 39734
72 7884
134 801
27 8204
6 52286
217 1347
47 392
3 116129
8 33415
14 47289
38 4582
2 38022
37 2931
41 11565
6 20670
50 8903
154 5132
65 3752
49 19331
5 58000
27 39000
73 9225
25 39809
1 228786
13 58212
5 82501
2 134998
24 28841
14 66604
9 74755
1 81633
1 177740
14 48929
78 4419
8 37576
51 8210
13 67722
57 4160
67 11700
25 3995
36 29206
55 12198
90 13401
20 36118
85 7975
24 21273
42 12098
52 4855
36 16518
5 89662
16 41932
1 159236
138 1113
5 107912
23 13595
8 51790
12 53989
72 4562
213 2266
20 9499
45 18557
37 1150
7 78406
25 2787
20 40764
109 2678
18 51313
15 48142
1 103870
118 2259
6 43826
2 111438
6 89819
26 8668
41 4608
8 57666
6 77777
1 98420
15 5759
82 4453
7 33513
7 32293
2 138106
7 84162
189 823
18 24745
113 1202
52 1680
9 55930
96 12744
34 40609
74 530
3 89917
104 7027
28 873
1 212833
1 161741
180 2004
13 56524
16 18055
40 35516
18 62198
109 2557
1 84949
74 4521
113 9941
3 44604
42 28510
18 4894
26 40482
114 2249
132 6656
77 16101
5 81702
44 16151
1 44477
2 48788
25 17683
212 1262
12 16481
62 16061
8 38494
175 1816
11 38742
151 4909
76 1548
29 21761
7 11109
7 27794
79 4144
66 18802
1 63647
11 47244
56 5383
50 19090
34 34532
2 37081
7 39471
10 58864
1 11656
83 14212
1 124438
28 37824
73 3113
1 197050
5 106954
105 122
3 115353
3 70789
95 8398
45 14565
1 87336
32 15772
34 9509
233 1172
3 5841
18 42252
52 13724
18 60740
2 114920
1 87589
26 12904
1 135546
138 4015
77 8763
71 5327
17 271
53 9491
22 44356
31 10543
52 1040
152 920
9 417
315 740
1 147206
13 44958
12 16344
30 23817
53 3892
10 19163
39 34707
9 71648
16 40735
61 8106
34 31382
9 44495
52 7621
166 1781
110 7901
50 11619
1 140257
137 6110
42 7402
120 5869
1 178030
20 17761
7 24258
1 58617
5 82234
32 37986
26 44353
8 19636
25 34514
98 5632
40 11986
34 12101
115 5019
67 3846
55 5196
162 2235
47 29449
16 30442
17 59617
1 21595
66 4333
1 35498
285 1359
2 137408
96 9685
23 36183
5 104869
100 9833
22 14346
152 1189
4 105569
17 17337
15 32787
98 6590
89 10847
335 750
54 17142
2 4987
103 1324
30 7822
11 57165
13 9233
51 23994
45 1621
1 67730
221 2050
65 12799
15 63740
8 80544
53 4350
3 37283
22 5026
6 32590
2 36475
2 34407
44 31344
3 14731
69 1470
89 8258
1 137906
45 22681
24 53925
46 21528
1 202856
93 6435
96 8319
25 19472
1 196709
99 2688
1 13525
7 59363
6 93973
5 101587
298 649
5 36907
11 45673
12 6667
6 59354
1 213966
15 33414
3 101710
2 153452
218 737
79 7414
41 25135
1 234449
1 73693
1 15361
6 70879
1 196498
102 9438
29 45248
33 35034
38 9072
78 2865
46 6706
104 8189
12 39802
29 4702
112 2812
82 1251
4 41082
124 1319
66 5766
56 579
174 3111
102 2820
7 39884
42 3611
13 6986
30 41590
5 83494
17 16133
5 101967
43 14161
1 100645
62 9124
1 212190
41 9380
6 30335
19 31216
45 13467
171 3728
3 36491
37 39433
26 17816
73 11240
43 24562
4 41680
35 1102
307 398
91 2486
25 24461
54 23791
13 71191
58 5447
169 790
23 27149
37 17467
1 123877
66 6632
76 14668
31 43866
113 1444
56 14853
97 5663
344 600
3 8313
191 3263
3 116463
87 4859
72 2963
17 11627
111 3509
105 4294
115 533
72 306
27 19907
2 43361
2 101449
66 12047
5 93451
34 1131
41 8308
2 48610
96 2456
288 1218
4 32605
11 49529
3 35129
88 8020
22 41481
5 56001
24 29040
64 19824
6 87050
1 146312
121 4807
14 27413
11 61433
1 233302
16 23075
1 13791
69 4169
64 13891
209 1789
81 13573
1 69696
2 38263
30 4480
12 753
17 37116
87 5088
194 195
7 94333
5 66950
112 9649
84 3878
64 5477
25 31015
48 2262
13 67478
16 51645
4 111428
155 3448
61 3393
209 2018
83 8681
89 9410
86 10682
6 100401
62 7191
20 4409
59 13496
22 22709
41 1275
43 26895
15 62543
4 39795
5 69345
4 42839
10 19416
270 531
20 35549
108 2274
34 10652
45 6581
19 27291
5 21675
12 52218
3 116493
225 1962
120 2441
156 5310
330 852
1 208128
18 14838
18 34675
4 1906
16 45731
20 31346
117 4949
23 48113
124 8018
1 96975
13 2308
15 14972
1 158443
17 52480
41 15579
12 41687
146 161
169 4383
102 10817
31 40482
38 8771
1 8292
1 159921
21 10088
43 10527
205 1718
23 42873
203 797
14 11441
41 3528
8 66946
62 2402
2 82067
46 12573
2 17566
150 5487
88 11956
25 29784
58 14945
298 321
10 80775
86 14382
117 1140
217 1021
9 53556
159 3853
1 127596
1 54630
19 5511
4 84143
13 44216
17 364
2 15679
36 16981
15 48994
30 18836
8 68489
4 58313
39 29050
25 51448
110 4099
49 17097
11 31025
26 8493
51 13885
51 4903
78 9139
45 2957
136 5391
3 2136
5 73718
5 41335
112 7555
42 16307
8 15975
114 8471
119 1706
126 4539
8 14670
53 8455
102 7085
8 89929
16 6590
23 9949
18 48802
139 1654
6 95469
159 3843
16 13479
7 78460
166 1410
1 109004
94 1119
1 121680
6 9587
100 2094
38 3891
14 20592
283 1160
1 154346
46 11937
2 59583
6 72172
5 18898
1 142793
23 25321
246 1155
33 19731
2 120036
1 73319
16 15944
45 24025
2 53590
142 262
1 202702
250 1398
25 1092
123 8566
124 8014
143 580
3 58000
43 9918
2 151989
4 112521
54 25761
14 8151
3 76138
203 606
18 29340
51 11932
1 218630
276 613
14 61085
40 14097
37 23287
3 47937
41 25144
151 5444
1 12350
62 5742
69 13221
62 13404
214 838
17 45272
14 1315
11 32644
40 16855
120 1317
201 1454
56 22286
81 251
7 73860
194 1910
3 91265
9 56997
70 4621
61 6748
19 46238
32 11753
97 6701
4 6680
56 5535
4 72855
8 48726
40 28133
79 15660
17 49671
42 13146
185 2275
106 7351
22 30008
16 36128
75 2617
90 12917
73 5247
1 167401
124 2759
1 95014
50 2763
66 11994
100 11544
8 48571
6 25950
41 27067
445 535
192 475
11 14183
48 19139
7 92738
2 105423
1 234065
88 10297
5 31099
4 8263
86 3723
241 1269
2 162791
34 22130
21 8507
21 27513
46 8260
32 35683
1 131245
65 8253
124 4260
11 56241
39 36170
1 55587
1 92310
24 21422
209 1815
9 15936
217 1363
6 17340
4 89886
96 322
1 131713
18 45048
16 31369
133 214
1 180082
5 42129
14 45377
8 74635
30 19319
4 71124
15 60774
3 124331
61 22635
125 712
65 5773
8 22233
2 18106
12 45118
233 1815
1 75510
105 409
7 65265
9 86679
29 37525
30 40979
134 4925
13 17371
88 5375
4 14119
1 23839
21 44727
21 27694
189 2343
12 10841
84 5864
68 3339
123 1647
9 29392
19 36001
64 17632
147 4546
12 15101
67 8298
21 31808
88 2317
58 14226
14 63816
1 88646
12 43130
6 40681
1 13348
37 28138
57 3648
161 1720
8 49881
38 5875
6 80903
12 25158
15 22330
22 35540
30 39553
1 31494
112 984
51 27769
24 34969
21 40601
1 54729
7 88354
4 54861
17 2798
165 2892
9 17034
83 10926
1 139163
11 73501
2 23494
187 2204
4 63804
7 5975
87 9441
16 55479
26 28682
41 25789
3 117343
27 43126
38 36113
37 9490
39 25020
1 194470
183 2282
211 1376
50 6500
140 366
1 2614
48 28209
47 10813
1 103478
7 17742
38 19961
10 19894
58 7104
71 6909
15 8768
7 85539
91 2553
11 15509
76 8786
100 7814
12 49085
126 1736
6 62441
24 15223
20 40261
2 85033
36 27466
23 44057
20 24325
10 61772
4 110236
5 29832
21 26634
35 8500
52 8526
29 9469
64 14109
52 7287
27 20377
17 32294
17 39391
122 5080
18 51185
1 40992
117 5943
51 24728
29 5031
22 53113
86 13213
117 7262
48 3151
47 29815
99 9797
7 85062
28 45755
10 43979
8 1596
7 24963
3 76632
4 30577
248 1264
1 196526
1 185145
21 51987
1 121668
47 29999
38 20206
25 51325
3 93780
1 26607
43 11792
6 61528
3 100163
15 58004
96 4858
4 22767
196 2445
31 3376
30 6543
1 138403
3 112742
103 1226
18 19449
112 9102
4 74324
19 54876
20 8628
191 1730
15 14203
95 4087
2 87903
37 28634
4 61145
14 46362
10 20748
35 33288
1 161003
130 7305
151 3455
13 12549
39 4784
29 30896
2 57028
182 430
29 10593
9 63523
12 74837
14 39179
27 48991
3 76892
118 503
52 17789
11 25965
40 17603
65 18387
5 51241
16 13076
1 176945
75 8356
4 17636
350 916
9 80544
1 188314
22 21404
1 142232
106 2930
88 3247
18 1097
84 5665
60 17151
5 29378
115 8981
82 15112
39 36635
1 203848
55 23692
247 1577
27 8404
85 13215
17 54980
4 37213
3 64209
7 82671
53 21611
44 33225
18 41396
63 21031
17 31968
1 75259
9 16464
11 59877
225 937
33 4411
6 12865
9 68652
312 671
27 39253
9 69983
2 66293
12 48489
18 57678
1 215612
20 49821
371 556
35 30009
2 139615
4 68119
99 9922
2 9829
168 4589
93 10252
2 17103
2 146432
29 42850
4 109750
36 33898
12 6432
9 48684
24 18390
38 31927
20 56546
21 32394
204 2797
15 61525
2 87181
43 9458
33 15824
121 5018
1 167235
23 14172
3 113466
45 17614
114 9329
27 19379
16 7907
116 2275
25 6939
8 69986
6 86537
16 30821
10 51616
2 149337
12 44580
204 1921
46 1097
83 7042
53 8466
2 15186
13 32162
1 127928
123 3686
3 42749
66 11310
29 34750
15 49783
57 13951
14 57719
62 4230
295 763
60 13313
1 220451
1 115908
15 64138
1 845
39 8564
82 3761
148 4883
17 24792
107 7289
35 24873
81 10340
25 34108
60 11648
125 7762
72 15856
1 19841
81 10679
35 30631
54 26627
47 24452
22 1978
75 9443
368 375
46 27891
49 28483
18 25512
351 578
36 14968
55 11968
60 9714
39 10034
11 23243
31 23211
8 32950
61 9410
1 145545
20 40483
55 5799
22 43381
25 46235
57 3495
9 5746
25 16208
17 36369
5 58730
73 1484
146 893
14 18346
14 60836
66 16980
49 9761
61 17600
110 5534
2 87981
1 148652
71 13549
35 21663
127 2665
8 19435
40 1038
117 3421
34 13327
89 9523
46 25500
1 76880
15 60060
4 12005
10 70751
57 11990
57 17036
2 113896
58 23650
4 9135
209 739
17 9128
1 8350
319 923
271 1501
10 16705
6 34210
52 14821
27 47596
8 9451
26 39724
48 12403
20 53720
52 24907
86 13711
5 32517
28 424
7 93221
75 11751
11 2288
173 4005
103 550
96 3281
26 25981
163 3004
31 6120
167 2087
3 56468
15 36627
2 27940
1 212930
18 26706
3 113711
4 18673
1 97743
132 1481
14 21840
49 11894
42 12534
32 9750
8 5042
5 83168
21 865
19 23193
46 18630
83 6372
20 47445
5 77365
61 6158
35 6349
10 15478
12 66236
58 15622
22 30127
1 195395
2 93186
48 18055
64 8572
34 39330
73 1390
28 45859
25 4918
125 4212
191 1273
39 9391
43 25046
186 706
150 709
1 11020
5 103487
50 14494
41 6926
91 12292
164 2859
5 66128
16 25403
8 82796
71 6649
6 5405
222 825
2 17975
2 108824
25 35698
7 25246
3 51700
57 13014
10 23091
55 14063
167 2853
3 12785
2 126406
50 26400
4 14686
9 24871
2 154148
96 8902
122 136
9 21163
73 9004
49 19737
26 42874
96 7277
27 48546
13 60419
37 2321
1 57676
49 5131
61 19859
398 480
39 19780
117 3434
19 48232
19 12356
60 13797
1 43508
251 1750
1 174388
67 12266
3 79816
1 189909
66 16365
41 35521
33 34400
43 31308
44 31730
181 192
15 15199
53 19384
30 8193
19 36485
30 26307
1 174888
18 48536
21 53729
64 4696
104 11315
36 37389
29 19209
2 76253
44 3598
37 16302
24 7840
8 69129
25 50653
49 25643
1 200184
27 49064
6 75187
20 11318
44 11803
42 24413
66 17017
14 70176
98 8116
167 1243
99 11398
17 31417
67 7347
131 1831
18 14363
22 8247
2 107742
12 4730
13 40463
38 6269
2 53074
17 57941
10 2733
2 47741
86 8934
56 7690
15 8964
3 104028
150 4724
16 42969
48 9558
1 91820
21 20113
109 10247
26 18918
1 82439
3 101163
1 8605
4 68238
93 5581
16 3982
53 6168
67 16465
30 23800
4 33860
20 39570
19 45916
9 53044
1 120415
95 8527
1 93514
65 11925
1 165550
1 98381
20 47527
23 21161
1 205475
55 18193
87 7548
71 16502
139 5879
1 202626
12 40164
8 90086
34 21089
8 26677
118 7146
105 8684
10 37286
36 37628
25 31284
5 47834
20 28693
36 36
4 95155
35 26127
39 7015
2 54986
136 6170
85 10331
9 77188
1 22122
126 2956
6 23955
62 11327
4 84404
11 7160
97 8610
5 27052
2 3277
63 18037
20 8301
180 913
87 13499
48 24961
1 187596
109 8001
13 46763
261 512
136 3130
30 23617
35 8160
29 24020
88 2258
6 20379
21 57787
24 17508
2 86608
73 8900
2 98183
12 63658
99 10177
30 45564
2 151103
114 6746
3 41770
13 34515
76 7947
54 22426
92 12753
17 65129
5 17691
54 2552
1 93309
1 218570
31 41164
39 31289
55 4077
66 7011
12 58798
202 2562
101 4442
98 6370
19 17895
18 25217
1 94693
176 3729
8 44
123 1822
187 1458
8 8
6 63777
175 2282
41 33199
22 1887
201 1292
50 26351
2 80657
15 41133
71 5673
36 30779
154 5176
85 12533
27 20147
24 47409
14 3852
1 185868
12 57717
90 5142
4 68720
68 391
3 9751
1 150941
65 13720
1 94371
1 136823
1 216267
197 2388
81 4572
11 49463
15 35400
33 6462
119 1845
1 56902
158 697
51 18631
22 12477
30 41016
21 36277
5 53551
22 30429
15 64863
13 10143
10 41361
47 6085
221 1117
41 13976
61 16051
3 70443
1 9498
16 5294
75 10866
15 21972
78 9082
1 231238
105 6151
6 5001
13 58868
41 11531
163 2909
27 34123
2 145443
21 31799
10 64968
50 27842
12 25017
11 43309
52 10915
18 61281
228 1750
1 78863
6 49835
30 21709
89 2089
107 6913
1 174192
1 83773
54 11978
83 13776
8 41068
198 1022
13 32719
56 18528
1 64293
46 31749
1 155
1 123728
40 13163
47 2036
3 65028
40 11796
16 17718
34 29643
95 9168
66 11382
10 27177
18 21885
55 24214
39 32550
146 2720
42 18290
30 17770
3 97825
40 7432
41 5465
107 3270
70 7985
3 6256
45 32746
2 32112
5 76609
36 30040
31 31749
6 77994
381 416
277 637
103 6144
214 1867
59 16134
54 3047
43 11142
10 16480
5 51380
4 85186
11 36978
187 439
16 35199
12 44651
50 19703
7 5953
9 56694
73 5799
155 4537
128 772
14 42774
1 121292
2 101222
10 3627
38 20666
112 7642
1 193934
6 98020
123 1065
54 4358
2 35646
122 5712
19 8347
141 5200
38 14005
122 3890
29 30834
38 20984
41 26995
240 1134
1 2962
142 502
75 2091
11 14085
152 985
13 54721
12 68097
55 134
160 1794
14 56731
2 33237
24 45935
1 127003
26 38160
18 59857
2 121224
5 71545
35 19089
5 11164
66 8733
3 66048
64 4946
32 28704
27 33423
59 21447
28 6629
17 3535
249 741
108 9496
1 119219
5 35671
206 561
10 22224
5 33876
67 7507
56 315
227 456
33 22499
4 92489
276 1096
6 6122
77 9643
32 25103
1 85318
9 68928
7 1836
1 204920
2 68451
152 3665
121 8822
1 35260
64 8472
131 7390
2 14567
126 1457
3 16178
3 13751
110 133
75 14177
3 109486
46 9659
67 13514
29 13300
43 5173
55 1750
12 2079
396 538
43 32840
51 2601
58 10832
2 113547
60 5322
35 17741
64 15252
14 28744
2 47499
35 7179
11 26132
1 115468
1 146292
76 2765
17 42222
30 35502
6 23541
33 14559
104 10148
48 3449
19 7942
112 9553
224 1832
315 541
95 12721
16 15608
4 94816
1 140054
1 110700
79 9537
4 7316
9 52893
14 29417
1 177469
11 4862
132 2316
10 19995
5 10858
24 27335
7 78751
54 3515
127 5738
87 7737
15 35374
96 11145
133 3280
92 7742
30 24393
35 26962
1 101888
60 19305
16 57781
34 19580
33 25167
9 28204
97 5062
25 11061
17 23804
6 99104
76 11561
2 98198
26 33793
78 10646
73 3757
179 2960
3 72928
52 25957
193 3040
10 3320
29 38009
49 357
1 188774
1 127404
66 696
4 28801
138 6112
6 18243
7 39972
126 3466
58 4406
93 10567
301 829
96 8584
1 212872
93 12196
23 46868
11 5578
7 74153
10 42486
34 7578
25 19937
1 128537
67 11486
1 38428
20 4859
32 44000
30 8827
15 2891
9 15294
9 78614
35 28932
64 5259
1 65522
64 1559
45 20161
106 5385
38 11691
7 71620
23 26053
32 27189
77 15953
58 7844
10 41362
3 105578
15 10734
10 28232
50 17303
414 691
4 75539
23 4048
92 2412
57 12147
174 1809
2 86445
43 9322
212 1853
16 21956
24 23368
44 25035
1 138415
66 9290
108 3228
32 7073
10 54824
1 12156
143 1987
40 32030
23 31913
7 271
41 1467
1 53629
95 7339
60 14542
6 73543
8 22352
48 7042
58 12202
2 81423
9 30338
42 20887
22 13370
36 3912
16 25269
46 4005
1 191492
130 4852
41 20452
9 10009
67 3278
257 524
1 210126
57 23670
10 31751
12 22249
30 36439
35 26818
22 48066
30 41436
80 5679
3 324
19 61136
4 13750
1 48480
94 12020
67 7763
235 377
50 20541
12 74721
14 47653
83 6425
1 26215
41 4516
5 70830
41 32041
57 5041
290 1190
7 1097
51 22614
55 13324
4 70800
1 29801
4 74906
17 14367
22 43954
26 2321
18 45701
4 96609
1 21418
63 11194
27 15144
132 2799
2 38969
8 25084
34 7838
27 48575
42 1480
34 18756
3 96113
13 58696
69 9753
95 5772
156 1858
52 17845
1 212252
2 144345
83 11576
35 3697
12 3459
43 10235
1 233312
395 552
59 17878
23 21418
126 4027
64 9188
14 61057
16 19060
11 14750
68 14542
253 471
3 2321
81 233
204 2165
83 5675
2 19112
29 38197
1 39201
82 6045
150 4389
152 4995
9 43288
10 43905
55 19740
1 134106
14 49814
54 23982
43 4531
18 3775
35 2229
134 6967
76 6553
26 40030
2 31218
64 8806
40 32838
12 65682
2 61777
57 24211
3 104686
18 24855
138 3832
34 683
8 31986
2 163241
147 5139
33 173
1 90230
7 83948
213 844
2 50332
3 109506
23 55181
132 3792
366 845
22 4268
1 54643
39 26353
128 7006
4 81700
4 71695
87 5487
15 3148
92 7980
22 27856
118 1422
16 32186
219 1159
39 24015
22 28379
81 4299
1 71489
40 30594
3 12675
20 59843
14 422
3 123588
1 147794
174 2259
12 27685
26 5770
20 50969
3 106787
65 12269
32 27256
1 124624
1 188738
6 30877
2 139916
39 12087
10 9782
187 3232
13 18743
1 129285
18 14045
228 262
32 29308
8 71561
1 193232
14 20111
100 3463
9 86001
83 6247
74 5061
9 64296
6 24532
6 26087
211 2405
18 30559
24 48087
54 13706
20 16786
94 308
53 26932
5 68569
50 5464
58 20263
2 105434
98 6631
6 68733
37 36199
16 42835
8 52678
29 18959
40 28010
61 21604
26 43313
102 1474
7 27307
25 12791
21 46790
50 6633
46 14054
41 21398
113 6567
18 16777
120 2708
57 15296
60 7511
3 68050
59 23849
64 3376
46 25363
37 2215
2 127546
27 38164
33 40794
1 230344
93 2218
138 6144
34 26565
1 202595
26 43638
62 4951
284 1121
43 1202
92 8437
82 5746
25 51644
230 454
46 18920
5 88682
89 5778
3 99681
45 21770
1 93370
163 3251
45 8081
66 874
10 58210
16 47343
76 529
73 2273
3 5411
67 11745
25 50166
26 32795
21 27951
8 36578
6 34570
69 19363
59 17742
150 5170
34 35688
58 24505
30 30250
8 65107
10 77981
1 212664
4 25608
19 8461
30 39583
28 4764
55 5787
2 47867
45 18993
12 37147
17 46076
61 5202
18 58044
40 26816
20 11470
23 25460
16 37282
75 11237
93 3004
22 32656
12 75628
6 82759
34 37028
2 41189
1 154821
26 2795
14 39118
3 103711
1 29189
12 29009
34 5605
6 39955
92 3297
1 135511
91 2558
8 4934
89 4053
236 1423
19 22412
1 199329
15 3506
370 799
28 7155
49 17934
32 43546
67 3544
5 88482
19 38775
23 32722
54 9430
2 143066
14 33196
3 106529
10 61473
23 47997
6 83950
2 94282
47 15985
16 47028
53 16742
1 164900
2 88889
22 17633
32 5076
133 6400
74 9590
56 14948
36 5028
67 927
2 134504
51 3921
25 6202
12 5431
2 127753
15 50012
82 6379
30 14081
3 49426
56 9324
18 57951
9 53731
12 1023
11 45932
68 8393
117 6416
1 158765
4 101568
6 3346
5 92921
116 7185
24 43744
38 33716
151 1660
6 19556
35 1000
186 814
56 14056
3 48440
26 36899
38 5194
22 50226
18 35928
3 76179
149 3555
12 42259
60 12237
181 1421
5 40248
35 22215
37 20759
264 953
63 16322
1 67723
325 1105
65 7021
296 1224
79 3454
16 26828
6 23448
51 3629
14 67473
6 55437
36 26956
93 2969
5 79980
4 78092
2 4849
1 37204
10 21751
41 2343
174 375
33 5283
184 2540
1 131178
90 1542
24 32196
1 65204
8 90419
204 1222
27 28863
1 110482
10 47905
166 674
16 66249
1 232081
18 20163
32 30819
79 14866
17 35542
4 1869
16 47155
4 38273
75 17355
128 5951
119 5918
71 2421
6 62051
17 36183
12 21198
10 3951
219 1991
15 896
19 42055
423 467
19 50331
12 52796
4 93535
109 3281
139 5692
25 30570
35 38550
6 48831
1 185107
141 5510
5 35102
9 73965
9 69559
9 49372
74 8608
88 4561
36 20545
40 11137
65 7742
3 87203
28 32506
1 187770
11 49362
4 3316
7 88416
4 28028
2 45116
15 27301
63 2975
12 17345
8 23409
102 6341
10 8433
15 17696
141 4501
11 15759
2 129908
5 100011
11 77612
27 1144
17 12254
128 4673
6 87186
54 24286
9 52120
18 5757
25 14744
4 23564
12 34527
59 17774
50 15343
117 2787
34 14999
11 963
36 16825
94 9299
37 4976
36 14855
69 1180
84 15162
152 2208
44 18963
22 52367
9 86111
64 8171
84 4807
12 65302
6 40905
418 488
182 3400
2 4827
12 50076
35 23271
154 5456
45 21796
46 783
128 1828
42 21544
36 10636
46 16712
134 1699
18 55387
50 20002
1 27065
153 3500
37 17172
19 41216
72 18053
3 74997
40 28511
162 2297
30 27698
6 21722
11 55853
69 7921
2 111442
4 6613
5 69681
321 406
32 17334
10 31633
16 16302
113 5560
1 21309
21 12368
46 20340
1 67442
105 10324
363 518
149 5352
39 4914
1 31440
45 20530
7 5880
58 21446
361 594
26 43344
16 10295
3 85104
50 4573
29 42506
204 347
3 104892
10 62810
24 27979
100 5806
14 26764
70 8479
26 39225
405 739
41 17230
17 45095
3 125420
1 154803
40 11230
6 7982
3 127245
12 15893
2 21622
5 85377
10 7309
50 27228
35 41017
1 196859
12 63236
35 37546
28 20667
2 17405
50 18026
2 70058
111 6569
25 4638
1 182930
94 10275
76 1724
156 1434
12 66028
26 8801
5 21410
34 16556
19 59107
106 10530
15 40224
1 74295
18 16516
19 34609
1 214533
26 23439
1 122276
51 19660
2 76992
161 2037
79 10842
120 3327
11 77797
7 93951
2 1884
81 14180
1 138350
45 1642
54 24298
54 20053
203 2637
1 187695
6 71496
98 965
135 2383
55 11951
143 491
54 9389
53 23214
45 8944
71 5491
25 28732
4 44156
16 20206
14 19444
25 24521
22 33636
2 87292
206 1781
15 65989
25 4647
5 25679
61 23071
51 2864
80 13513
15 57094
63 13083
7 86020
21 39083
2 97365
27 31945
5 52976
36 12815
168 1995
154 4635
12 1501
150 3293
201 2497
2 92741
139 5682
5 9091
77 17147
11 75602
195 758
92 4725
83 12858
3 12525
84 1724
12 47046
32 14602
15 12549
35 17853
21 45802
16 11772
152 3078
31 6904
58 6902
15 60954
4 23524
23 7965
71 5611
7 11674
114 5854
2 127592
3 36179
9 44880
99 628
46 18818
34 14678
1 78214
22 51548
1 140280
103 8477
76 12250
111 7069
43 7961
166 959
104 4216
54 15438
13 37768
102 1595
98 7473
1 121770
16 61559
190 1060
152 1278
12 12213
149 2979
40 33527
22 25095
204 2699
1 174196
20 5155
19 13028
46 11368
22 15792
40 32365
1 184929
28 10806
14 36123
53 16885
8 25141
2 99381
132 7311
29 21152
5 80077
5 99551
15 21198
64 12342
44 15594
4 63890
18 5239
23 8314
274 1378
103 9771
58 21301
138 4010
1 75345
151 1495
16 46849
10 36260
30 25809
57 18463
3 42205
22 10434
19 36579
45 5937
275 949
83 1119
16 59173
7 78883
4 5770
1 76024
29 46922
147 3171
125 6730
1 116318
99 11437
107 9814
17 41249
1 177620
1 42646
140 696
10 62359
2 26871
69 13793
17 37271
6 8605
50 16355
101 10973
21 20876
122 1713
20 30348
109 4740
122 1921
72 15418
81 2240
2 59064
310 494
2 142060
3 129526
4 107822
1 16682
15 32983
50 25147
72 112
54 1717
1 74047
4 83313
19 43497
164 2418
5 50948
2 41605
17 10277
33 9806
103 483
26 46722
101 9113
141 1788
6 59420
44 3764
31 6140
165 3899
49 11751
1 216654
12 50130
20 13688
58 18275
10 21089
20 52503
291 656
18 49054
1 117725
4 6164
33 14412
80 5763
8 35300
111 4516
6 90808
9 23172
5 86479
18 45832
7 5457
19 46897
66 2860
37 18923
1 141193
167 2313
3 117098
22 16912
15 31993
67 2816
31 21424
12 59604
16 2268
77 4962
22 46873
1 182718
10 83521
160 2014
1 154496
12 73409
34 2063
12 45509
260 1726
1 229740
77 5465
98 1478
38 35735
76 15252
23 51126
3 11225
2 161966
80 10719
16 25052
66 19775
57 3794
7 72320
2 46176
47 18262
89 8942
12 64891
2 18242
186 600
4 21336
18 23491
1 128321
74 2647
9 11414
3 20600
31 40178
2 72419
1 45008
18 54831
8 13837
2 67847
23 1452
84 14281
1 24418
22 24959
4 71692
1 184255
14 54560
3 89185
32 3518
8 83545
255 1253
14 37895
22 9013
51 16314
2 116010
103 2600
26 37837
5 47589
43 1989
1 135902
68 15466
54 15743
28 12159
26 43882
35 33404
104 6496
1 120977
1 193120
64 4052
36 19744
374 711
52 23223
17 26217
58 20708
46 13266
5 17560
38 20963
204 2877
34 14464
320 613
135 2528
81 16234
1 9137
49 29820
6 68870
6 29883
114 5284
11 36197
2 36436
196 1007
27 22298
5 35256
24 44759
7 90083
76 6627
24 17297
11 40170
12 24552
19 34102
31 39183
36 39132
17 23620
2 75687
24 16047
24 8701
37 18978
46 4362
9 57633
4 76115
18 25784
50 4265
113 1663
24 40501
8 60930
1 177533
24 38980
1 156414
207 2557
30 39294
123 7675
40 32389
39 36845
76 8241
1 128723
196 2847
31 36540
3 9342
35 30858
32 22495
72 7682
45 9398
161 3825
27 6346
92 8204
1 58137
2 40893
107 5787
15 6693
121 6227
24 49978
27 42876
1 125087
31 12461
31 28999
30 24851
1 41334
83 441
3 41393
118 6540
56 7396
60 21170
47 26977
1 66104
5 1083
1 116494
100 2008
14 17745
83 6188
18 61904
13 59461
1 175332
15 63609
21 43461
19 13532
85 1278
31 39187
1 205676
68 9522
146 2711
53 18029
45 18877
2 4824
46 28830
92 4056
9 36691
9 63018
34 19148
3 81513
44 14479
9 80121
32 28315
1 173303
28 14057
52 25253
25 17117
99 1147
148 3812
59 21742
20 7698
27 6358
16 25697
38 7312
93 9675
44 16488
2 102493
60 14905
33 39404
76 12446
12 14273
32 3938
52 22335
106 8718
22 27596
13 42268
19 2821
17 29051
3 95786
1 208120
134 6878
45 23522
14 68925
27 12640
137 2079
1 217043
156 382
44 3902
36 29815
40 16708
138 1732
27 3966
25 8168
95 2940
127 2744
157 4083
62 19749
13 66400
127 7307
61 124
169 4063
113 3065
116 7937
45 18508
123 5840
19 49301
64 12430
5 65318
52 10949
3 66662
93 6793
49 25330
1 207162
1 146441
1 118959
54 26653
35 33555
1 74953
1 202689
126 4936
178 2085
12 70483
60 21432
40 11992
37 28819
25 49690
57 16805
21 9720
15 29570
28 24482
104 7942
3 108028
3 87589
145 3125
26 9407
29 41401
33 5595
1 39566
224 795
13 19935
57 991
85 12832
302 690
22 10138
1 215010
44 12998
19 26862
19 19010
74 2214
38 38528
7 11011
41 16846
1 7145
189 1105
212 1501
113 4967
24 53035
218 1936
53 15229
19 2074
154 2064
26 16485
8 69717
40 27227
12 4656
16 40782
20 22334
31 44214
33 18649
128 4844
141 3209
1 18631
19 48510
26 23314
73 7759
54 13525
62 187
17 53182
37 1470
43 25955
58 470
64 15613
173 1510
107 5292
3 13974
56 18455
14 26157
11 80434
22 18057
43 28147
19 31186
387 566
5 42483
20 14407
58 6891
46 15982
22 12275
81 5762
63 6734
205 1662
71 7066
23 53496
32 3401
180 2318
69 5990
56 11528
152 557
20 54394
69 329
44 24617
38 23797
12 44955
50 4557
1 159937
27 10712
17 45479
7 41104
6 43517
3 50065
432 476
35 24790
32 38101
60 13406
51 18113
100 6927
33 37771
73 11794
2 25101
83 482
29 21115
55 20960
107 2462
16 12750
6 91203
26 33289
90 12545
39 5605
11 1634
17 44930
27 11310
134 766
61 6131
1 115801
35 2718
104 9842
27 175
68 11852
10 9658
60 6707
8 84368
8 72046
33 7637
6 54019
159 3618
18 8107
1 183728
32 22044
121 5164
269 751
125 4229
1 69052
122 7623
5 37989
43 6784
16 28635
30 26918
74 2741
14 13634
23 24425
59 6282
111 6650
119 5087
5 56794
105 3185
51 7163
1 84678
15 22835
12 29834
8 84514
37 13239
1 120329
95 3405
19 44101
152 1897
38 7493
67 17135
134 5603
298 1205
12 14523
1 198585
13 55363
52 12922
1 184851
37 17848
119 7929
12 21732
18 7737
31 822
86 9065
46 12203
13 46035
73 7638
300 686
4 101954
99 9935
44 14918
1 124266
10 17469
2 117152
40 3272
1 64302
7 87452
2 66178
11 52596
1 141162
6 91208
33 20308
1 117206
39 27564
7 83529
172 2006
29 10188
131 7298
30 26615
7 2981
7 39269
87 8771
47 7893
35 3465
55 3797
37 32993
267 383
2 55239
1 94079
52 8762
27 14048
102 4646
70 12655
183 3415
19 37383
144 4794
16 7116
17 10805
11 30683
28 26131
29 4201
54 26478
16 63372
21 32564
203 2368
15 13338
108 1924
1 98689
9 15997
10 22071
24 33880
3 46095
42 22559
12 62219
27 23581
22 23366
41 5085
40 15200
13 12278
6 88981
43 17587
21 17121
77 15554
31 40129
30 28272
2 85109
75 14316
32 1559
7 76264
1 70595
28 33765
71 6754
34 41610
18 12049
44 17683
4 97865
32 10534
4 83890
18 11401
136 744
34 557
30 37559
7 59923
17 42898
2 62554
25 28685
41 5192
10 63983
9 77182
2 37387
4 58052
105 5239
3 30198
33 38068
11 54951
36 28051
234 1838
129 1413
22 23068
21 35116
6 3763
48 26152
8 88387
58 13126
8 77597
135 1237
2 41950
13 60200
71 15722
23 27335
52 14704
74 3153
22 33739
26 30672
40 35773
49 27731
3 101558
129 1085
115 5911
27 23282
35 36523
209 2333
2 37830
3 83026
11 24449
2 64497
8 42704
3 79530
95 1055
115 5390
80 9126
28 29645
39 34936
48 26923
5 24942
33 23785
23 43002
2 11614
110 7357
28 1199
20 37490
18 11489
18 30811
65 319
74 17704
50 9509
26 38324
5 69484
2 115313
184 2707
1 228030
39 7697
18 28772
140 3225
32 22521
94 10314
6 96061
42 14988
14 32085
7 65038
120 6699
6 9216
19 16830
11 2094
28 27386
132 5733
2 82289
1 41472
22 29179
54 8736
281 384
174 2401
8 56885
43 19590
41 24730
8 83161
50 15690
22 25317
98 10552
22 29405
12 71984
64 17182
65 2899
142 6216
11 54919
22 24331
16 62352
2 49039
69 11071
9 13077
37 24189
11 59633
21 34538
53 1307
45 15781
19 60590
21 50290
65 19298
61 15801
7 10706
1 216596
98 5912
14 50690
188 2515
10 17056
21 52213
24 22640
414 495
24 5253
1 211653
2 134385
16 40107
2 164186
33 8530
30 38044
24 19269
13 587
1 222646
240 1425
7 15564
3 104976
449 544
118 8297
74 17131
3 72968
126 4182
2 164638
55 611
80 9007
47 20948
1 52329
24 27884
61 20432
99 3881
1 44948
5 40616
3 99150
15 2901
18 26810
1 2347
94 13003
21 13754
1 35157
2 97166
252 1065
123 5703
12 61426
6 28565
201 284
22 56333
26 49184
10 45972
124 8019
6 54650
58 1266
48 6570
181 2434
86 13956
90 4733
37 37571
67 10623
5 13378
1 203904
78 9836
23 50345
94 374
1 41453
10 84248
11 35408
59 2030
22 25509
42 32066
6 48305
97 3622
226 1070
76 16112
1 29600
21 39267
2 159682
7 89300
54 5666
21 15028
1 120505
9 12125
5 23031
5 93586
122 2234
3 52481
155 2893
115 2700
42 25125
1 23496
7 61842
47 21433
128 6259
1 226411
11 73561
2 43872
84 8210
55 7522
84 12249
3 39880
1 121330
133 4710
32 17832
7 73883
10 60205
5 71299
10 24082
32 44065
45 22277
3 86250
21 53903
2 154784
216 2192
16 52940
162 1074
3 121505
82 7200
12 68830
25 28139
9 26450
38 8813
25 38803
66 6543
7 42717
